9479.4444
9815.8333
9433.6111
9716.6667
9810.0000
9416.3889
9768.8889
9762.2222
9350.0000
9366.6667
9783.0556
9724.7222
9348.0556
9709.1667
9315.0000
9613.0556
9229.7222
9708.6111
9350.8333
9585.0000
9305.5556
9233.0556
9193.8889
9271.9444
9656.1111
9394.1667
9502.5000
9602.2222
9183.3333
9331.9444
9146.6667
9116.6667
9533.3333
9483.6111
9460.5556
9678.3333
9637.2222
9208.0556
9347.5000
8916.6667
9133.3333
9266.6667
9466.6667
9588.6111
9833.3333
9132.2222
8912.2222
8957.7778
9273.3333
9412.5000
9781.3889
9413.6111
9390.0000
8914.4444
9033.3333
9079.1667
9510.8333
9743.8889
9138.8889
9358.0556
9480.8333
9118.8889
9062.5000
8881.6667
9698.6111
8749.4444
9499.7222
8718.8889
9433.3333
9566.6667
9002.2222
9069.7222
9541.3889
9703.8889
9186.6667
9354.7222
8979.4444
9265.5556
8947.7778
9583.3333
8908.6111
9130.0000
8775.2778
8726.9444
10035.8333
10133.3333
9137.7778
8958.8889
9018.6111
8829.7222
8973.8889
9092.2222
9271.3889
9635.8333
9301.6667
9378.0556
10175.0000
8853.6111
9469.1667
10043.6111
9103.3333
8779.4444
10061.9444
8978.0556
9515.0000
9328.0556
8855.8333
9539.4444
9266.1111
9694.7222
8858.8889
8978.6111
9083.3333
9533.3333
8940.2778
9097.7778
10016.3889
9680.8333
8975.2778
9038.3333
8870.5556
9356.3889
9643.6111
8975.8333
9328.6111
9650.2778
8713.0556
9230.5556
8775.2778
10033.3333
9224.1667
8563.8889
9055.5556
8776.1111
8826.6667
10055.0000
9178.0556
8839.7222
9313.0556
9817.5000
9963.6111
9295.8333
8575.2778
8773.0556
9951.9444
9065.5556
8595.5556
9858.3333
9221.9444
8834.7222
9454.4444
9981.1111
8963.8889
9587.7778
8991.3889
8900.0000
8966.6667
9266.6667
9916.6667
9179.7222
8645.0000
9155.5556
8945.2778
8873.8889
9567.5000
8637.2222
9272.5000
9382.2222
9343.3333
8929.4444
10068.6111
9154.1667
8995.0000
8861.1111
9074.4444
8742.2222
8750.0000
9016.6667
8600.2778
9821.6667
9381.1111
8570.8333
8714.7222
8905.2778
9280.8333
8576.3889
9478.0556
8941.3889
8693.3333
9990.0000
10032.7778
8549.1667
9164.7222
9492.2222
10000.5556
8990.5556
9232.7778
8648.8889
9297.5000
9651.9444
9450.0000
9700.0000
9950.0000
9374.7222
8572.7778
8901.3889
9971.9444
9847.5000
8845.0000
8983.3333
8953.0556
9932.7778
9638.8889
8601.6667
8443.0556
9670.5556
8721.9444
8499.7222
8860.5556
8890.0000
9940.0000
9661.9444
8664.7222
9345.2778
9066.6667
9129.4444
9725.0000
9025.5556
9652.2222
8502.2222
9266.1111
9068.0556
9365.0000
8521.6667
8677.7778
9430.2778
8854.1667
8530.5556
9954.1667
9081.3889
9611.3889
9040.5556
8634.4444
9720.0000
9116.6667
9566.6667
9950.0000
8742.5000
8451.6667
8501.9444
9916.9444
9892.5000
8406.9444
8862.5000
8521.1111
9968.8889
9780.5556
8780.0000
9024.7222
8618.8889
9073.6111
8953.8889
9291.3889
8355.5556
8552.2222
8785.5556
9973.8889
8956.9444
8490.0000
8815.8333
9947.5000
9895.5556
9559.1667
8364.4444
8938.0556
8914.1667
9348.3333
9305.8333
9415.5556
8610.2778
8439.7222
9863.6111
9900.8333
8742.5000
8340.2778
9205.8333
9550.0000
9766.6667
9458.8889
9776.3889
8437.5000
8741.9444
9054.7222
8987.7778
9855.0000
9399.1667
8666.9444
8709.4444
9553.0556
8796.1111
9039.4444
9096.9444
8416.3889
9525.0000
9190.0000
8603.3333
9781.1111
8328.3333
8374.1667
8754.1667
9894.1667
8453.3333
9291.3889
9355.2778
8885.0000
8818.8889
10100.0000
8966.6667
9850.0000
8561.3889
8659.1667
9039.1667
8615.0000
8961.1111
9451.1111
8681.3889
8526.9444
9770.5556
9310.2778
8893.0556
9170.8333
8497.7778
8904.1667
10076.9444
8721.9444
8294.4444
9155.5556
9555.8333
8665.2778
8873.6111
10333.3333
9566.6667
9322.2222
8874.4444
8924.1667
8610.2778
10062.7778
9216.9444
8743.6111
10051.9444
8640.8333
8703.8889
8294.1667
9812.2222
9138.8889
8865.2778
8673.3333
8837.7778
8788.3333
9132.5000
9023.8889
9078.8889
8950.5556
8168.8889
9273.8889
9376.3889
8187.5000
8300.8333
8851.6667
10166.6667
10283.3333
8493.6111
9983.6111
9991.1111
8182.5000
8694.4444
8652.7778
9990.5556
8633.6111
8836.1111
9054.4444
8990.5556
9330.8333
8108.3333
8463.0556
8146.6667
8398.6111
8710.2778
8536.9444
9757.7778
9233.3333
9298.3333
10158.3333
10283.3333
8134.7222
9105.2778
9089.4444
8788.0556
8496.3889
9564.1667
8608.0556
8184.4444
8052.2222
8779.7222
8419.1667
9537.5000
8462.7778
10044.4444
9121.9444
8656.1111
8807.7778
8859.7222
8318.3333
9742.5000
9074.4444
8463.8889
8080.8333
9570.0000
9197.7778
9895.5556
8143.3333
8229.7222
8585.2778
8357.5000
9497.2222
10166.6667
10250.0000
8016.1111
8411.9444
9033.3333
9116.6667
9900.0000
8316.9444
8877.2222
8036.1111
8493.3333
8748.3333
9836.3889
9740.8333
9980.5556
8212.2222
9278.3333
8935.2778
10028.6111
8036.6667
8741.1111
8168.3333
8701.1111
10296.6667
8996.9444
8204.7222
8891.1111
9108.0556
10242.2222
8841.9444
10073.0556
9035.5556
8195.5556
8645.0000
8316.6667
8582.7778
8716.6667
9233.3333
9750.0000
8341.3889
10124.7222
10166.6667
8794.1667
8984.4444
8167.2222
8152.2222
9827.5000
10110.0000
9520.2778
8070.8333
10362.2222
9283.8889
9619.1667
9847.7778
9505.2778
9175.2778
9166.1111
8299.1667
8738.8889
10297.2222
10168.0556
9240.0000
9098.0556
9023.6111
9291.9444
8559.1667
8880.0000
9189.4444
9630.5556
8388.3333
8647.2222
8254.4444
10069.1667
8124.4444
8297.7778
8319.4444
8580.0000
8165.5556
8233.3333
8643.0556
8806.1111
8362.7778
8787.2222
8851.3889
8982.7778
8413.6111
8200.0000
8333.3333
8566.6667
8650.0000
8666.6667
9050.0000
9181.1111
9666.6667
9683.3333
9816.6667
10373.6111
8438.6111
8873.3333
9531.6667
10262.7778
8615.5556
9026.9444
9141.1111
9023.8889
8383.0556
8049.1667
8206.9444
9083.0556
8275.8333
8305.2778
9678.8889
9402.2222
8719.7222
7948.3333
9280.8333
8117.5000
8344.4444
8435.0000
8737.7778
9091.9444
9559.1667
8390.5556
10347.2222
8000.2778
8344.4444
8666.6667
9886.9444
8445.0000
8535.2778
8491.6667
9438.8889
8348.6111
8798.0556
9000.0000
8185.8333
9059.4444
9168.0556
8858.0556
9643.0556
8090.2778
9246.1111
10312.7778
10196.3889
9318.3333
9665.2778
7981.1111
9024.4444
8020.5556
7915.2778
9421.6667
8303.0556
8447.7778
8583.3333
8600.0000
8633.3333
9583.3333
8677.2222
9530.5556
9834.4444
9453.8889
8709.7222
10096.1111
10361.6667
8513.8889
9561.6667
8764.1667
9771.6667
8404.1667
8807.7778
7932.5000
8213.0556
8622.7778
9486.1111
10217.7778
8340.8333
8435.2778
9441.1111
10396.3889
9750.5556
8360.5556
8045.8333
7946.6667
8018.3333
8165.0000
8410.0000
9205.5556
9443.8889
10128.6111
10242.7778
8495.8333
10248.6111
8333.3333
8783.3333
8850.0000
8950.0000
8966.6667
9166.6667
9250.0000
9450.0000
9533.3333
9616.6667
9779.7222
8283.0556
8119.1667
8793.0556
8352.5000
8521.3889
8753.8889
9002.5000
8741.1111
10278.0556
8422.5000
10132.5000
8545.5556
8099.1667
8379.7222
8147.2222
10064.4444
8263.3333
10328.3333
8578.0556
8601.9444
9608.0556
7932.7778
8173.6111
9520.5556
8053.8889
8471.3889
9022.7778
9339.1667
8361.1111
9482.2222
10034.1667
8128.0556
9053.8889
8363.3333
8399.7222
8386.6667
9058.8889
8984.4444
10316.6667
8466.6667
8600.0000
8750.0000
9033.3333
9216.6667
9566.6667
9716.6667
9248.6111
9766.3889
8940.0000
8470.5556
9085.8333
8260.5556
8723.3333
7913.3333
9386.1111
8086.9444
8182.5000
8897.2222
8554.4444
8605.5556
8516.3889
8648.8889
9251.6667
8389.1667
9009.1667
8557.2222
10287.2222
9437.5000
7918.0556
8453.3333
9951.3889
8185.5556
9995.2778
10260.0000
8464.1667
8059.4444
9190.2778
8811.3889
8857.2222
9069.1667
8566.6667
8600.0000
8650.0000
8800.0000
9133.3333
9166.6667
9450.0000
9633.3333
10018.3333
8481.6667
8096.1111
8378.6111
8630.0000
10241.1111
8386.3889
9457.5000
8770.0000
9087.5000
9789.4444
8698.6111
8449.1667
7928.0556
9763.6111
10035.5556
9900.5556
9254.1667
8178.8889
9699.1667
10094.4444
7997.7778
8040.2778
8111.6667
8325.8333
10222.2222
8550.2778
7725.2778
10116.6667
7850.5556
8683.3333
8950.0000
9683.6111
8614.1667
8376.1111
9654.1667
8657.2222
9390.8333
7747.2222
8417.5000
10287.5000
8340.5556
8961.1111
10210.8333
9195.5556
8781.9444
10237.7778
7896.9444
8525.0000
8690.0000
8459.4444
8294.4444
9080.2778
7807.5000
7717.5000
7878.3333
8910.2778
9720.0000
8409.1667
8381.6667
7985.2778
8342.2222
8150.8333
10266.3889
8936.6667
9909.7222
8470.8333
7800.0000
8583.3333
8733.3333
8783.3333
9033.3333
9850.0000
8531.1111
8982.5000
8097.2222
8707.2222
8439.1667
8834.7222
9777.5000
8757.5000
10070.2778
7813.0556
8279.4444
8028.3333
10144.7222
8219.1667
8555.2778
7703.3333
7781.1111
8136.3889
8463.0556
9895.5556
10150.2778
9861.1111
8025.8333
8301.6667
7879.1667
8835.8333
8003.6111
8687.5000
8375.8333
9311.3889
7900.0000
8326.1111
8570.8333
8513.8889
9251.9444
9857.2222
8694.4444
8613.0556
8187.2222
8700.0000
8750.0000
8766.6667
8833.3333
8933.3333
9300.5556
7752.7778
7979.7222
7895.8333
8227.7778
8362.2222
9937.2222
9871.3889
8299.1667
8479.7222
9295.2778
7927.5000
8540.5556
10208.8889
7635.0000
7616.3889
7853.0556
8341.9444
8570.8333
8107.2222
8394.7222
7969.1667
7897.5000
8036.3889
8789.4444
8890.5556
8021.9444
7820.5556
8628.6111
8245.8333
8694.4444
8452.2222
9061.3889
8731.9444
9936.3889
8315.2778
7819.4444
8830.0000
8149.7222
8749.4444
8191.3889
8405.2778
7623.3333
7755.5556
7774.1667
9326.1111
7666.1111
8201.6667
10103.3333
7703.6111
8344.1667
8563.8889
9960.8333
7780.0000
9357.2222
7595.0000
10101.3889
8110.5556
10001.3889
7621.1111
9451.1111
8116.6667
8583.3333
8600.0000
8251.1111
9880.0000
7852.5000
10105.0000
10145.5556
8065.0000
8699.7222
8490.0000
7803.6111
7943.8889
9974.7222
7923.0556
7585.8333
8746.1111
9444.4444
9354.7222
8692.5000
9291.6667
9405.2778
9842.7778
8768.8889
7721.9444
9711.9444
8198.6111
8279.7222
8666.6667
9483.3333
9983.3333
9110.5556
8836.3889
8262.7778
8732.2222
8961.3889
10022.7778
8256.9444
9953.8889
9331.9444
9474.4444
7967.2222
8167.7778
7635.8333
7656.6667
9134.1667
8198.8889
8565.5556
9255.2778
8424.7222
9060.5556
9718.6111
8264.7222
8408.3333
8119.4444
8175.2778
7585.2778
8265.8333
7702.7778
9857.5000
7935.0000
9165.8333
7753.3333
7567.2222
7800.0000
8566.6667
8716.6667
8883.3333
8950.0000
9200.0000
9450.0000
9516.6667
8022.7778
8597.5000
7607.2222
7595.8333
7885.2778
8257.7778
9323.6111
9977.5000
7875.0000
8853.6111
9244.1667
7715.0000
9386.3889
8415.8333
9950.5556
7990.0000
9937.7778
9305.5556
9746.9444
8098.6111
8714.4444
9072.7778
9613.3333
9922.5000
8810.2778
8208.3333
9598.8889
9001.1111
9699.4444
7646.6667
7698.6111
8233.3333
8600.0000
8833.3333
8950.0000
9066.6667
9116.6667
9283.3333
9333.3333
9537.2222
9633.3333
9683.3333
9716.6667
9126.1111
7643.3333
9026.6667
7827.5000
8218.0556
9901.1111
7927.2222
9846.3889
8640.0000
9450.0000
7672.2222
8996.9444
9501.1111
9629.4444
9765.8333
9915.8333
9071.9444
8281.9444
8366.9444
9346.9444
8340.5556
9697.7778
7739.1667
9175.5556
9434.7222
7799.1667
8626.3889
8541.1111
8717.5000
8971.6667
8678.0556
9920.2778
9768.8889
7678.0556
8152.2222
8633.3333
8700.0000
8966.6667
9183.3333
9216.6667
9696.1111
8790.5556
7566.9444
9193.3333
9376.1111
9767.5000
9748.3333
8278.8889
9161.3889
7753.3333
7625.2778
9635.8333
7853.0556
9246.1111
9296.1111
9565.2778
8110.5556
9028.0556
9161.6667
8008.0556
8173.6111
8818.8889
8048.3333
8550.8333
9206.9444
7611.3889
8240.5556
9694.4444
8124.1667
8690.5556
8433.0556
7717.5000
8588.8889
9180.5556
9285.0000
8273.3333
8201.9444
9098.3333
8723.6111
9680.2778
8750.0000
8866.6667
9466.6667
9633.3333
9783.3333
9220.5556
7783.6111
8601.9444
10433.0556
9513.6111
8905.8333
7571.3889
8002.7778
8691.3889
9293.6111
8244.7222
9351.3889
8981.9444
9259.4444
7809.4444
8731.3889
9894.1667
9154.4444
9328.8889
10398.3333
7749.4444
8782.5000
9773.6111
7661.1111
8888.8889
8983.8889
9726.1111
7592.7778
9854.4444
7486.9444
8915.8333
9743.3333
8090.8333
9828.0556
9902.7778
7866.6667
8783.3333
8900.0000
8983.3333
9033.3333
9116.6667
9216.6667
9266.6667
9383.3333
9483.3333
9566.6667
9633.3333
9666.6667
7504.7222
8345.0000
10403.3333
9800.0000
8930.0000
9393.8889
8415.8333
8956.9444
9772.5000
8133.0556
10140.2778
8086.1111
9669.4444
9225.8333
10115.0000
9523.0556
8410.0000
9710.5556
10177.2222
10226.3889
7561.1111
7460.2778
10313.6111
8637.7778
7846.9444
9316.6667
8007.2222
8129.4444
8451.6667
10407.5000
7460.0000
7982.7778
10457.2222
6919.7222
8628.3333
10198.3333
10366.9444
6904.4444
7677.7778
10200.0000
10230.2778
7916.6667
8550.0000
8600.0000
8633.3333
8733.3333
9016.6667
9216.6667
9250.0000
9583.3333
10143.6111
9770.0000
8639.4444
8042.7778
8875.5556
8275.8333
8361.9444
7038.3333
7824.7222
8956.9444
7930.8333
9675.8333
9748.8889
7304.4444
9535.8333
10461.9444
8396.6667
8899.1667
7174.4444
8084.7222
8203.6111
8455.2778
7374.4444
10268.8889
7714.1667
10118.0556
7186.9444
7256.9444
7356.3889
8812.2222
10385.5556
8772.7778
10289.7222
7046.3889
10160.2778
8223.3333
9631.3889
7473.6111
7517.7778
10337.7778
9098.8889
9315.5556
8513.8889
9375.5556
9701.3889
7749.7222
8720.8333
8880.8333
8053.6111
7342.7778
7855.2778
9662.7778
7065.2778
8966.3889
9422.5000
9506.3889
8400.5556
7793.0556
9968.0556
10461.6667
7700.0000
8083.3333
8300.0000
8566.6667
8800.0000
9050.0000
9066.6667
9250.0000
9400.0000
9583.3333
9716.6667
10177.2222
7720.8333
9430.5556
9163.6111
6986.1111
8243.0556
10056.6667
7450.5556
7775.8333
9357.7778
9600.0000
8503.8889
9553.6111
10125.0000
7325.8333
10282.2222
8846.3889
7206.6667
9232.5000
10457.2222
7420.2778
7503.8889
7534.1667
8451.6667
8512.5000
9382.5000
9934.4444
7465.5556
7235.2778
10353.0556
10442.5000
7053.8889
7226.3889
8276.1111
8650.8333
7772.2222
9578.8889
9660.2778
8411.1111
7146.3889
9501.1111
7927.7778
8192.7778
7475.2778
10193.3333
10030.2778
8318.8889
9115.5556
9877.2222
10319.7222
10393.6111
7554.4444
6887.2222
7776.1111
7750.0000
8529.7222
7324.1667
9738.8889
7014.4444
9628.3333
7306.6667
9605.8333
9415.2778
7400.8333
8846.9444
10416.6667
7783.3333
8000.0000
8219.7222
8583.3333
8733.3333
8783.3333
8900.0000
9166.6667
9283.3333
9550.0000
9600.0000
9700.0000
10289.7222
7522.2222
8289.1667
10445.2778
8183.0556
9829.1667
10078.3333
7256.9444
9344.7222
10341.6667
7039.7222
6855.0000
7333.6111
7588.0556
9117.2222
9373.0556
9778.6111
8372.7778
6586.1111
7026.3889
8462.5000
9223.8889
9404.4444
6888.8889
9262.7778
7393.0556
8725.2778
9082.7778
7403.8889
10409.1667
7006.1111
7335.0000
8402.7778
8772.7778
8244.1667
7230.8333
8260.5556
10448.6111
7312.5000
7737.7778
7905.2778
9035.8333
10286.9444
9080.5556
8103.0556
6359.4444
8698.3333
7981.1111
8556.6667
9498.8889
7300.8333
9991.3889
9535.2778
7451.1111
7716.6667
7750.0000
8633.3333
8683.3333
8813.0556
9233.3333
9279.4444
9400.0000
9583.3333
9750.0000
8262.2222
10315.8333
6559.1667
6850.2778
7190.8333
7728.0556
8334.1667
6354.1667
10338.0556
8357.5000
9072.2222
10363.8889
8966.1111
9358.0556
6816.3889
7657.5000
7258.6111
7469.1667
10380.0000
10429.7222
6370.5556
6603.6111
8769.7222
6851.6667
9027.7778
9435.8333
6412.2222
8517.7778
9100.8333
10359.1667
10423.3333
8450.2778
8719.7222
7665.5556
6367.5000
7187.5000
7010.0000
7179.1667
7549.4444
9423.6111
9168.0556
9571.6667
7678.6111
7328.8889
6852.2222
9242.5000
8407.7778
9205.2778
6820.8333
7021.3889
8800.0000
8833.3333
9066.6667
9183.3333
9550.0000
9583.3333
9671.3889
9322.7778
10334.4444
7300.0000
8606.9444
6537.7778
10307.5000
7715.0000
8171.6667
8855.5556
8108.0556
10365.8333
9300.8333
9506.3889
6821.1111
9330.5556
9555.2778
7499.7222
7540.5556
6514.1667
7081.9444
7498.6111
9979.1667
8081.1111
8139.1667
6890.8333
8902.7778
7257.5000
6871.9444
8556.1111
6621.9444
7197.5000
8116.1111
9428.8889
8321.1111
9026.1111
7425.8333
7423.6111
9639.7222
10321.1111
7736.6667
8603.8889
8415.2778
8692.2222
6517.7778
8351.9444
10308.6111
8803.3333
8272.2222
7031.1111
6766.1111
8188.6111
10355.5556
6895.5556
7065.8333
7233.3333
8583.3333
8816.6667
9000.0000
9383.3333
9950.0000
6836.9444
6361.3889
8876.3889
6403.3333
6503.0556
9021.3889
9491.3889
9416.6667
10341.1111
8291.6667
8385.5556
6916.9444
8501.3889
10365.2778
7231.9444
7388.8889
6826.6667
8413.6111
7455.5556
9410.0000
8581.9444
7165.8333
10139.7222
6433.0556
10301.1111
6390.5556
6645.8333
9922.2222
6335.5556
7342.7778
6345.8333
8945.5556
6544.1667
6608.8889
7234.1667
7040.2778
10179.7222
9599.4444
7260.8333
8855.2778
6462.2222
9650.0000
9873.3333
10332.7778
6368.3333
6404.7222
10316.6667
6583.3333
8666.6667
8900.0000
8983.3333
9116.6667
9466.6667
9700.0000
9100.8333
8331.6667
8584.4444
10300.5556
10185.5556
6726.1111
6968.0556
8887.2222
8631.1111
7231.1111
6880.5556
9802.5000
8542.7778
8268.3333
10110.8333
10208.0556
10299.4444
6911.9444
7015.2778
9400.2778
9842.5000
6956.3889
8442.2222
6352.5000
8986.9444
9386.1111
9464.7222
6541.6667
9656.9444
6506.1111
7816.9444
9543.0556
9514.4444
7170.5556
6380.2778
8703.3333
9610.8333
9752.5000
7382.2222
8314.4444
9349.7222
7241.6667
9101.9444
6855.2778
7331.1111
6959.1667
6812.5000
6347.2222
8427.2222
6845.5556
10066.3889
6610.5556
9733.3333
10178.0556
7397.5000
6401.1111
8404.1667
10042.7778
7213.8889
6602.2222
6400.0000
8800.0000
9583.3333
9733.3333
9148.8889
10164.1667
8654.7222
8541.3889
9025.2778
6403.0556
6450.5556
6900.5556
8363.6111
8606.9444
7334.7222
6870.8333
8165.5556
8471.6667
6477.7778
6631.9444
9539.7222
6691.3889
6724.4444
7806.9444
9620.8333
10022.5000
7111.9444
6453.3333
9577.2222
8428.6111
6455.2778
9159.4444
10162.2222
8150.8333
8498.0556
8925.8333
9708.0556
10181.6667
9658.6111
6550.8333
8356.1111
7725.2778
6778.3333
7107.7778
7744.7222
6766.9444
6916.3889
8323.6111
9674.7222
7230.5556
8268.0556
6799.4444
8550.0000
8733.3333
8883.3333
9033.3333
9366.6667
9582.5000
9716.6667
9730.5556
10164.1667
6949.7222
8510.0000
6668.6111
6897.2222
8411.6667
6381.9444
7397.7778
7208.0556
8100.2778
6757.7778
10029.4444
7883.0556
6704.7222
6998.3333
8847.7778
9461.6667
10172.5000
7729.4444
8029.7222
8446.1111
9661.9444
7811.1111
6585.8333
7758.8889
7938.6111
6830.2778
9290.5556
6706.3889
7915.8333
6791.6667
8647.7778
6384.4444
7992.2222
9773.3333
7871.9444
8717.5000
10168.6111
6856.6667
9737.2222
7834.1667
7437.7778
8366.3889
8736.1111
6400.8333
7159.7222
6572.7778
6691.1111
9281.1111
9505.0000
7035.0000
9609.1667
7252.7778
7390.8333
6531.6667
6556.1111
7063.6111
7086.6667
9841.3889
9867.5000
6520.0000
9680.8333
7618.3333
8051.1111
7770.5556
6901.1111
6482.5000
9150.0000
9216.6667
9783.3333
9833.3333
6764.4444
6785.8333
8215.2778
8715.0000
7845.2778
7384.1667
8281.1111
8873.8889
7298.8889
7489.1667
8239.1667
9857.7778
7320.5556
8931.9444
6480.8333
9359.4444
7143.6111
8452.5000
6941.3889
7460.8333
7852.7778
7248.3333
9655.8333
6391.1111
9619.4444
7553.0556
9780.8333
7297.7778
7848.3333
8555.5556
9039.1667
6807.7778
8855.5556
8021.6667
7773.8889
8166.3889
8225.8333
6765.0000
8382.2222
7471.9444
7995.8333
9758.6111
7246.6667
7777.2222
7420.2778
6450.0000
7228.3333
8800.0000
8950.0000
9300.0000
9450.0000
9700.0000
6803.0556
8255.0000
8382.2222
8643.0556
7857.2222
6736.6667
9801.6667
6963.8889
6875.2778
8162.5000
9290.0000
10045.8333
9404.4444
8857.7778
6981.9444
7171.6667
8102.2222
9353.0556
6470.8333
6672.5000
7497.5000
6712.5000
6951.9444
7166.6667
8657.5000
6811.6667
9844.1667
6759.4444
8405.8333
6716.9444
6728.6111
7263.6111
6611.1111
9226.6667
8076.3889
6750.5556
9348.0556
7221.9444
8704.4444
10016.9444
7875.0000
6831.9444
8467.7778
9507.2222
7120.8333
7730.0000
9579.4444
6472.7778
7716.6667
8500.0000
8700.0000
9233.3333
9266.6667
7778.6111
7966.6667
6600.0000
7746.6667
6795.8333
6966.1111
6605.2778
6855.0000
7003.3333
7088.0556
9382.5000
9785.2778
7854.1667
7324.1667
9359.4444
8851.3889
8618.6111
6702.2222
7991.9444
8099.1667
7588.0556
9552.2222
6647.5000
7002.7778
7383.0556
7303.8889
6834.7222
9269.4444
6885.5556
8765.2778
7321.6667
6494.1667
6640.5556
7160.0000
9688.3333
7978.8889
6925.2778
7825.0000
7315.5556
9664.4444
6607.5000
8733.0556
9502.5000
7358.0556
7133.3333
7888.6111
8008.3333
8850.0000
8916.6667
9383.3333
9783.3333
9631.6667
8628.0556
6457.5000
6676.6667
6839.4444
9210.0000
7618.0556
8081.9444
7304.4444
9605.0000
6559.7222
9224.1667
6556.9444
7788.8889
8553.6111
6653.3333
8738.6111
6719.7222
7160.2778
8318.6111
6784.4444
8654.4444
9264.4444
8526.6667
6974.4444
7416.3889
7892.7778
9307.5000
9365.0000
7709.4444
6613.8889
6975.2778
7264.4444
8630.2778
7693.6111
6578.3333
7095.8333
7748.8889
8476.9444
8900.0000
7413.0556
8683.3333
8766.6667
8966.6667
9333.3333
9416.6667
9500.0000
9633.3333
9683.3333
9750.0000
9816.6667
7833.0556
8577.5000
7025.0000
6700.0000
6640.2778
7078.6111
8276.6667
7378.6111
7783.3333
7340.2778
6649.1667
9756.1111
6507.2222
7650.5556
9344.1667
7703.8889
8484.7222
8833.0556
7369.7222
7812.5000
7005.5556
9605.5556
9209.7222
6557.7778
9710.5556
9332.2222
6650.0000
7576.6667
8493.0556
6710.8333
8271.1111
8309.1667
9828.8889
7644.1667
7220.2778
9733.6111
8996.1111
9278.6111
9648.3333
8943.3333
9820.5556
7323.8889
6528.0556
9687.2222
6833.3333
7016.6667
7509.4444
9066.6667
9200.0000
9597.5000
7164.7222
6427.7778
9770.8333
9144.1667
8566.6667
9563.6111
7128.3333
9816.1111
6577.2222
7397.2222
7393.0556
7334.4444
8345.8333
6787.7778
9444.4444
7391.3889
7489.4444
7039.4444
9078.0556
9370.0000
7449.1667
8906.6667
9042.2222
7021.6667
7360.8333
7921.6667
7688.0556
8542.7778
8813.8889
6652.5000
7858.6111
8561.3889
8337.5000
9424.4444
9223.0556
6561.3889
6608.6111
9302.5000
8971.6667
9589.4444
9733.3333
9833.6111
6800.5556
9074.4444
8386.9444
6520.5556
7166.1111
7000.8333
7296.9444
8463.0556
6495.2778
6575.0000
8585.8333
7245.0000
6449.4444
7663.3333
7342.2222
8585.2778
6368.3333
9479.1667
6688.0556
8879.1667
7227.5000
8448.0556
9685.0000
6720.2778
8943.0556
8755.8333
7415.8333
9558.6111
6820.0000
7106.6667
8898.0556
6433.3333
8502.2222
7545.8333
6716.9444
7290.0000
9516.3889
6797.5000
9833.6111
7646.6667
9110.5556
7042.5000
8425.5556
8926.9444
6936.6667
6640.5556
9489.7222
7384.7222
7178.3333
7396.6667
6947.7778
6733.3333
7200.0000
7216.6667
7600.0000
8577.2222
9366.6667
9900.2778
8292.7778
7301.1111
7819.4444
8785.8333
9319.7222
7056.9444
8527.2222
7937.7778
9733.3333
7865.5556
6399.1667
8353.3333
8374.7222
8580.8333
9616.9444
7015.5556
7244.4444
9715.5556
7536.3889
9605.8333
6700.8333
9934.4444
7969.7222
9340.0000
8229.4444
8061.1111
8734.7222
9510.8333
9683.6111
7362.5000
7433.3333
8379.4444
9389.4444
9731.9444
6412.5000
7770.2778
8580.5556
8917.5000
7052.5000
7397.2222
6376.6667
7233.3333
9687.5000
8714.1667
9916.9444
7858.8889
9273.6111
9565.5556
7003.3333
8531.1111
7703.8889
6502.7778
9812.2222
6860.5556
9852.7778
8981.1111
7092.2222
7361.6667
7938.6111
8664.1667
8814.4444
7263.6111
6928.3333
8384.4444
6446.1111
6747.2222
6915.5556
7281.6667
7006.1111
6538.8889
9246.6667
9442.2222
9699.7222
8461.1111
9502.7778
9541.1111
9011.6667
7107.7778
7648.8889
9032.5000
9375.8333
6415.5556
7045.5556
7278.3333
7345.0000
9791.9444
7529.1667
8255.5556
6604.7222
6738.8889
6391.6667
8406.3889
6699.1667
6465.2778
7263.3333
8935.5556
8567.5000
8036.6667
9760.8333
6352.5000
7030.2778
7882.5000
6474.7222
6423.0556
8316.1111
8583.6111
6778.6111
7212.2222
8631.6667
6673.8889
9766.6667
7303.0556
7366.3889
9485.0000
6345.2778
7467.7778
7945.5556
8062.5000
9446.6667
9061.1111
6712.5000
7537.7778
9392.5000
8500.0000
8966.6667
6939.7222
8181.9444
8249.4444
9662.5000
6978.8889
7016.6667
7461.3889
9570.8333
7246.6667
7431.1111
6865.2778
8743.0556
9333.6111
6512.5000
6956.9444
7494.1667
8929.4444
8648.6111
9068.0556
7188.6111
7970.0000
6682.7778
8187.7778
9289.4444
7731.3889
6500.0000
9370.5556
7344.4444
6710.2778
9021.1111
9600.2778
7328.6111
9030.2778
8349.1667
9254.1667
7460.2778
7399.7222
8061.9444
8965.2778
8925.5556
6304.1667
6400.0000
6550.0000
7513.8889
9099.1667
6608.3333
8275.2778
7691.1111
9288.3333
9535.2778
6899.1667
7196.3889
7294.4444
7608.3333
8397.7778
7936.1111
9495.8333
9541.1111
9067.2222
6512.5000
6588.0556
6706.6667
8234.7222
7021.9444
6856.1111
8863.8889
8430.5556
7259.1667
8155.8333
8545.8333
8464.7222
7595.8333
8701.6667
6777.5000
7445.2778
6618.0556
7891.1111
9505.0000
9371.1111
9102.2222
7676.3889
6997.5000
6420.0000
8309.7222
8991.1111
6686.3889
9414.1667
7261.6667
9680.5556
8339.7222
8711.9444
6716.6667
8566.6667
7211.9444
7556.3889
7814.7222
9089.4444
6473.3333
6336.9444
6661.1111
6639.4444
9575.5556
7062.7778
9528.0556
9646.1111
7322.2222
8268.6111
9003.3333
6581.3889
6435.2778
6501.1111
9487.7778
8457.5000
6923.0556
9287.5000
8024.4444
9063.0556
9151.3889
9226.9444
9575.8333
6365.5556
7980.2778
6490.8333
7056.9444
8448.6111
6763.0556
8200.0000
6685.0000
6600.0000
7316.6667
7811.6667
8453.0556
7503.0556
9371.3889
6557.7778
7383.6111
6711.6667
7086.6667
6786.1111
7440.8333
6527.7778
6904.1667
7838.3333
8237.2222
6287.2222
6382.2222
9445.8333
9453.6111
8486.9444
9152.2222
9658.6111
7297.2222
6876.1111
7069.7222
8703.3333
8538.0556
6584.7222
8980.5556
7182.5000
8999.4444
7243.0556
8152.5000
8077.7778
9671.6667
7504.1667
8712.7778
8609.7222
7810.8333
8806.6667
6280.2778
8270.2778
6641.6667
7030.8333
8211.1111
8575.5556
8508.0556
6763.8889
7987.7778
8896.6667
7885.5556
9168.8889
7588.0556
9200.0000
6593.0556
8465.5556
8717.7778
6382.5000
7308.8889
7210.5556
8671.9444
8081.3889
8399.1667
8476.3889
7716.9444
6740.8333
8024.4444
8327.2222
9669.4444
8938.0556
8853.0556
9490.0000
6480.2778
8135.2778
6270.2778
7681.6667
7137.2222
8088.0556
6309.4444
8258.3333
8603.3333
9434.4444
8213.6111
7420.5556
9084.7222
6759.4444
6623.3333
6850.0000
6866.6667
8195.2778
8875.5556
9028.6111
9252.7778
7261.3889
7620.8333
6375.5556
8331.3889
9300.2778
7220.0000
6432.5000
6456.9444
7050.2778
7991.3889
9378.8889
6948.0556
7813.3333
6954.7222
7931.9444
8907.2222
8146.6667
8545.0000
7273.0556
8521.1111
6713.8889
6858.0556
9076.6667
7193.3333
8182.2222
9654.4444
8850.5556
9203.0556
6477.5000
7391.1111
8211.1111
8602.5000
9474.1667
6554.7222
6540.2778
8352.5000
7511.6667
8571.9444
8936.9444
6547.5000
6722.7778
6283.3333
6300.0000
6750.0000
6900.0000
7300.0000
8250.0000
9867.2222
8813.0556
9560.5556
6373.3333
6907.5000
6946.3889
7970.2778
8271.9444
9281.3889
6431.3889
6560.0000
8991.3889
8021.1111
6343.8889
6475.8333
7928.3333
8115.5556
6706.6667
7124.1667
8906.9444
6231.1111
7098.0556
7301.3889
9464.4444
9192.7778
8076.9444
8446.3889
8042.2222
8234.1667
7706.9444
6373.0556
9032.2222
6723.3333
8353.3333
8795.5556
7768.8889
6824.4444
6439.7222
6470.2778
8110.2778
6674.1667
6888.6111
6941.9444
6745.5556
6200.0000
7346.9444
9850.0000
8538.8889
9814.7222
8256.3889
8720.2778
6479.7222
7671.3889
6272.2222
8208.0556
9616.1111
7701.9444
8335.5556
9282.7778
7997.7778
8429.7222
6226.1111
9102.5000
7086.3889
9375.2778
6861.6667
7411.9444
7550.2778
6720.5556
9891.1111
7294.4444
7720.2778
6311.6667
8106.6667
9079.4444
6365.8333
6423.3333
7825.8333
8196.1111
6489.7222
7026.9444
6868.8889
7124.1667
6930.8333
8328.6111
6568.0556
6405.8333
9162.2222
8163.6111
6604.1667
8617.5000
7235.0000
7270.2778
6900.0000
6226.9444
9850.0000
7015.2778
7638.0556
7603.6111
6244.4444
7473.3333
9866.6667
7023.3333
8014.7222
6473.8889
7540.0000
8088.6111
8187.5000
6499.7222
8601.3889
8153.6111
6877.7778
7986.3889
7087.2222
6276.3889
7954.4444
7665.0000
8314.7222
6556.1111
8053.3333
8317.2222
8215.2778
7180.0000
7562.5000
6981.3889
8470.2778
9194.7222
7143.0556
8546.9444
7100.8333
8092.2222
6824.7222
6953.6111
7016.9444
8708.8889
7797.2222
9771.6667
8671.6667
6465.8333
6525.0000
7363.8889
8003.6111
8975.5556
6917.5000
7416.6667
8356.6667
9050.0000
7960.2778
6547.5000
7301.9444
9708.0556
8244.4444
8960.8333
7020.2778
7387.5000
8873.0556
9314.7222
8696.9444
6303.0556
6232.2222
7113.8889
7289.1667
8455.8333
6844.1667
7079.1667
9393.8889
7229.7222
9110.2778
8008.3333
7140.2778
8806.1111
7376.9444
8420.8333
7582.7778
7030.0000
7893.0556
8335.5556
6460.5556
9776.1111
6420.5556
8293.0556
7640.2778
7775.2778
6357.7778
7438.8889
8183.3333
8883.3333
6495.5556
8764.7222
8461.1111
8615.5556
8057.7778
7424.4444
8967.5000
7363.0556
9644.4444
9731.1111
8812.2222
9246.9444
6865.2778
6522.2222
7851.9444
8988.8889
7541.3889
8751.1111
9764.4444
9333.3333
7948.6111
7924.1667
8292.2222
8635.0000
6909.1667
7073.3333
6981.9444
6674.1667
8277.5000
6994.7222
6551.3889
8478.6111
7191.9444
8108.6111
8728.8889
9751.6667
9500.0000
9729.4444
6498.6111
7323.6111
9595.2778
8414.7222
8696.6667
6231.9444
8740.8333
6261.9444
6501.6667
6616.9444
7606.1111
8067.5000
8654.4444
8137.7778
7046.6667
7738.0556
7863.0556
9483.3333
7968.3333
6533.0556
7926.3889
6341.3889
7015.5556
8868.8889
7866.6667
8470.2778
9183.0556
6223.0556
7149.7222
8143.8889
8955.0000
8425.0000
6736.1111
7100.2778
7481.9444
9315.8333
6681.6667
9700.8333
6927.2222
6250.0000
7536.6667
9220.5556
8396.1111
8185.0000
9293.6111
7969.7222
9235.0000
7252.2222
6863.6111
6656.1111
6556.9444
7876.6667
6423.8889
6788.8889
7379.4444
9154.4444
6899.7222
7550.5556
7940.8333
7952.7778
6381.3889
9654.4444
7436.3889
8755.0000
8689.4444
7213.8889
8623.0556
6594.1667
9400.0000
9588.3333
6812.2222
6433.8889
7046.1111
9327.2222
6497.7778
7407.2222
7683.6111
7928.0556
8463.8889
6475.8333
9538.3333
7720.0000
9106.3889
6733.8889
6545.0000
9309.4444
6292.5000
9608.6111
8086.9444
7599.1667
7778.8889
7438.3333
8451.6667
8689.7222
6832.2222
6391.6667
9644.1667
8162.5000
6853.3333
6218.8889
7022.2222
8609.7222
6686.6667
9481.6667
7802.2222
7955.8333
6931.6667
7852.2222
7117.7778
7173.8889
6604.7222
8616.6667
8816.6667
8950.0000
9355.8333
6778.3333
7591.6667
8574.4444
6375.0000
6257.5000
8235.8333
8668.6111
8096.3889
6491.9444
7904.7222
7503.0556
7932.2222
9231.6667
7477.2222
6645.2778
7536.3889
6211.3889
6639.7222
8382.7778
7270.2778
7105.2778
8273.6111
6956.9444
8031.3889
8143.8889
7602.5000
6894.1667
8759.7222
6869.1667
7456.6667
6989.7222
6791.9444
7630.8333
8815.5556
7625.2778
8014.4444
7199.1667
9344.7222
9387.2222
6668.6111
6986.6667
7051.6667
8816.6667
6921.6667
7933.8889
9420.8333
7168.3333
7488.0556
9301.6667
7715.5556
8017.5000
8864.1667
9603.3333
6680.2778
6807.7778
8772.7778
7558.8889
7402.5000
8575.2778
6494.4444
7664.7222
7021.9444
7717.5000
7046.3889
7788.6111
6791.6667
9260.5556
6470.2778
6826.1111
8409.7222
7980.5556
6847.7778
7088.0556
7801.3889
8499.4444
6741.1111
8780.8333
7924.4444
6344.1667
8830.2778
7291.1111
6551.6667
7283.3333
7906.6667
7916.6667
9586.6667
9451.9444
6284.1667
7856.3889
9065.8333
6773.3333
6581.6667
6722.7778
7582.5000
9318.6111
6391.6667
6921.9444
6349.4444
8553.8889
7274.7222
6189.4444
6770.0000
7230.2778
6156.3889
7468.8889
7767.2222
7522.2222
7044.7222
6662.5000
6983.0556
7371.1111
8150.2778
8767.5000
7126.9444
6811.6667
9076.9444
9522.7778
7712.7778
6293.0556
7786.6667
6901.9444
7191.3889
8333.3333
8349.4444
8566.6667
8616.6667
9300.0000
9516.6667
9583.3333
8143.3333
7685.2778
7909.7222
7398.8889
6744.1667
7593.0556
7530.5556
8440.8333
9492.7778
7020.8333
6972.5000
8576.1111
9060.8333
9493.6111
8457.5000
6205.5556
9569.4444
6234.4444
8540.2778
6767.7778
6600.2778
8774.1667
7120.5556
6878.0556
8038.8889
6563.0556
9428.0556
6935.0000
7126.1111
6499.7222
6212.2222
6874.7222
7554.1667
8080.0000
8642.7778
6757.7778
6667.5000
6850.0000
6909.7222
8493.8889
9193.0556
6346.1111
9064.1667
7953.0556
6703.8889
6526.1111
6537.2222
6208.3333
8496.9444
6956.3889
7826.6667
6147.2222
7842.7778
6972.7778
6353.8889
7122.2222
8776.1111
6725.5556
8078.0556
6614.7222
6850.0000
6460.2778
8895.5556
9086.1111
6445.8333
6906.9444
8098.0556
7730.8333
7453.6111
6235.5556
6452.7778
7623.3333
6780.5556
7729.4444
9332.5000
7930.2778
6151.6667
9237.5000
6267.2222
8435.8333
6187.2222
7266.6667
7470.8333
9265.0000
8345.8333
8624.4444
7068.3333
6327.5000
6308.0556
7768.6111
7893.0556
7958.8889
7271.1111
8523.0556
6466.6667
6613.0556
8024.7222
9077.2222
7611.3889
7642.2222
7815.0000
9016.6667
8429.4444
8061.6667
6708.6111
6627.5000
8782.7778
7214.1667
7532.7778
8132.7778
6484.7222
7083.3333
6171.3889
8404.1667
6650.0000
6323.6111
6233.8889
7188.3333
7611.1111
6596.6667
7112.2222
7417.2222
9397.5000
7873.6111
6580.5556
8022.2222
7913.6111
6456.1111
7719.7222
8482.7778
7690.2778
7330.2778
8184.1667
7388.6111
8234.1667
7567.5000
6187.5000
6141.3889
8614.4444
8290.2778
6633.6111
7833.8889
7773.0556
8921.6667
6404.7222
7711.3889
9188.6111
7288.0556
6463.3333
7038.0556
9365.8333
8578.6111
8888.8889
7583.0556
9013.8889
8358.6111
6142.7778
8650.0000
6736.9444
9411.9444
9454.1667
9057.5000
8402.2222
7109.4444
8564.7222
6700.5556
7804.1667
7353.6111
8632.2222
6296.9444
7137.2222
7461.6667
6416.1111
7163.0556
7210.5556
9381.3889
8443.6111
8697.5000
8745.8333
9465.5556
7285.2778
7423.6111
8435.5556
7133.6111
8588.0556
7755.8333
6491.9444
6618.8889
9143.0556
7122.7778
6362.2222
7554.4444
6806.3889
7467.2222
8966.6667
9050.0000
7075.5556
9450.8333
7334.7222
7177.2222
7251.3889
7471.1111
8866.9444
6782.7778
7290.2778
7005.8333
8255.0000
9263.8889
9416.6667
9230.8333
6277.7778
8193.3333
8250.8333
7869.7222
6688.6111
6568.8889
6712.7778
8289.7222
7228.8889
8161.1111
7817.7778
6646.3889
7764.7222
9118.0556
9167.7778
8023.0556
6642.2222
8215.2778
9193.0556
6973.0556
8916.1111
6236.3889
6333.3333
7593.3333
7619.1667
8125.0000
8438.3333
6958.3333
8278.0556
6633.3333
7371.3889
7173.0556
7026.3889
6358.6111
6805.5556
6859.7222
6100.2778
8828.8889
6926.1111
7496.9444
7613.3333
8686.3889
7776.1111
7172.2222
6787.7778
7257.2222
6763.8889
6663.3333
8986.3889
7392.5000
7003.0556
6971.6667
6301.1111
9375.5556
8755.5556
6137.7778
8175.8333
6566.3889
7043.0556
7955.2778
9193.6111
6709.4444
7234.4444
7071.9444
8032.2222
9438.0556
8998.3333
7328.8889
8503.8889
8727.2222
7092.7778
7320.2778
6461.3889
6874.4444
6216.9444
9337.2222
6327.5000
6150.2778
7110.0000
7580.2778
6741.3889
7567.2222
9398.3333
7131.6667
8993.8889
7364.4444
6282.5000
9199.7222
6366.3889
7958.3333
7829.1667
7685.2778
9427.7778
7151.1111
7849.7222
7166.9444
8061.6667
7298.8889
9353.6111
8196.6667
7127.2222
7606.9444
6596.1111
6556.9444
6752.7778
6878.8889
8760.5556
7256.1111
7295.8333
8600.0000
8900.0000
9315.2778
7208.0556
6064.7222
8167.5000
6700.5556
9080.5556
6887.2222
7069.4444
7157.5000
6196.9444
6867.5000
6308.0556
6495.5556
8908.6111
7730.2778
9029.1667
7555.8333
7806.9444
7162.7778
7596.9444
7308.0556
6962.5000
7832.5000
9181.6667
6929.7222
9010.2778
8381.6667
7010.8333
7022.2222
8086.3889
7182.2222
6693.3333
6815.5556
6873.3333
8717.2222
7958.6111
6097.2222
7073.3333
9289.1667
8195.8333
6329.7222
8350.2778
7447.2222
9247.2222
8601.1111
6404.1667
8910.2778
6921.3889
6376.9444
6145.8333
7877.7778
7506.6667
7667.2222
6221.3889
8159.1667
8844.4444
7159.7222
9052.5000
9308.8889
7170.5556
8457.5000
6407.5000
8307.5000
8511.6667
7073.0556
7235.0000
6199.1667
7044.1667
9389.1667
6919.7222
7705.0000
6635.5556
7731.1111
7418.0556
8078.8889
6529.7222
8657.5000
8821.9444
9203.6111
8630.5556
7121.6667
6923.0556
6881.6667
7087.7778
7970.8333
8132.5000
8538.6111
9144.4444
6983.0556
6492.7778
6790.5556
7483.3333
6656.9444
7670.8333
6726.1111
8509.1667
7357.5000
7226.1111
7602.5000
6261.3889
8696.6667
6100.0000
6133.3333
6666.6667
7033.3333
7816.6667
7109.4444
7817.5000
6607.2222
8236.1111
7398.0556
8346.1111
7118.6111
7296.6667
8064.7222
9343.0556
6984.7222
6755.8333
7088.0556
7503.8889
6201.3889
8710.5556
8909.7222
6911.3889
7374.7222
6700.5556
7871.3889
6930.8333
6171.6667
6942.2222
8245.0000
7296.3889
6551.3889
6896.6667
6141.1111
7214.1667
7469.7222
6842.2222
6081.9444
8790.0000
6502.2222
7604.7222
8573.3333
7178.8889
7142.7778
7101.9444
8618.3333
9213.8889
7617.5000
7908.8889
6272.5000
6975.0000
8306.1111
6822.7778
6416.9444
6940.8333
9189.7222
9322.7778
6548.6111
8633.6111
6749.1667
8738.3333
6283.3333
7697.2222
9100.0000
9116.6667
7649.7222
8580.5556
7540.8333
7264.7222
7511.9444
9250.8333
6121.9444
6708.6111
7747.2222
7954.7222
6299.1667
7474.7222
7684.4444
8723.3333
6183.3333
7539.7222
8624.4444
6512.2222
7195.5556
6080.5556
7993.0556
7310.0000
6107.2222
7173.0556
8276.6667
9180.5556
7206.6667
8534.4444
8586.6667
8645.2778
6537.7778
7117.2222
7424.7222
6180.0000
6676.6667
6209.1667
6235.5556
6633.6111
6812.5000
7388.0556
8836.9444
7949.4444
9201.6667
7563.8889
6714.7222
7656.3889
8237.5000
9261.1111
6999.1667
6530.0000
6184.4444
8425.8333
8989.7222
7198.8889
7345.0000
8853.8889
7490.2778
7877.2222
8157.2222
6076.9444
8281.9444
6611.6667
8886.1111
6928.8889
7659.1667
6147.7778
6544.7222
8836.1111
7636.3889
8354.1667
9345.2778
6709.1667
6322.2222
9128.0556
9203.6111
6038.6111
6957.5000
7680.2778
7646.3889
6219.7222
6680.2778
7443.6111
8893.3333
8035.5556
7346.1111
8571.6667
9385.8333
8388.3333
6075.0000
6760.5556
9451.6667
6600.2778
7918.0556
7429.1667
7042.2222
6981.1111
8657.7778
9292.2222
6705.5556
6937.2222
8813.8889
6327.2222
7304.1667
6277.2222
6898.6111
7129.7222
7492.7778
9229.4444
9458.3333
9448.8889
6674.4444
7188.8889
9063.0556
7284.4444
8371.3889
8449.1667
6177.5000
6250.0000
6710.2778
6802.7778
7552.5000
6530.8333
7450.0000
7801.6667
6657.7778
6601.6667
8826.1111
9349.1667
9422.2222
8265.8333
6986.3889
8645.8333
6359.1667
6268.3333
8058.0556
6702.5000
8370.2778
6759.1667
7490.2778
7093.0556
7641.6667
8685.5556
7061.1111
6019.4444
7027.2222
8012.5000
6749.7222
8480.5556
7205.2778
6053.8889
6937.2222
7726.3889
6098.8889
8913.0556
8956.1111
6563.6111
7313.3333
8424.7222
9235.8333
7461.9444
7413.3333
8273.3333
6697.2222
9153.8889
6145.8333
7022.7778
7370.2778
9064.4444
6199.7222
6594.4444
7081.6667
6851.6667
7986.1111
8645.2778
6723.0556
6795.2778
6185.8333
6993.8889
6812.2222
6092.5000
6683.3333
6733.3333
6898.0556
9407.2222
6255.5556
6994.1667
6316.6667
6543.0556
6342.7778
6392.5000
9081.3889
6209.1667
6611.6667
7430.2778
7016.3889
7473.3333
6735.8333
6049.4444
9208.3333
6766.9444
7300.2778
6815.0000
7158.6111
8181.6667
8688.6111
7492.5000
6116.9444
6272.7778
7690.0000
6642.2222
7161.6667
8368.0556
7055.5556
9413.0556
6138.0556
7380.5556
7563.6111
7568.6111
7980.8333
6601.1111
6660.5556
8249.1667
7089.4444
9213.0556
8436.1111
6566.9444
6811.6667
6944.4444
7924.4444
8681.1111
6784.4444
9002.5000
7419.4444
8224.7222
9294.1667
6418.0556
6857.7778
6886.9444
6677.7778
6915.8333
8643.8889
9351.6667
8701.6667
6623.8889
7154.1667
6605.0000
8916.3889
7067.7778
7970.2778
9046.1111
9082.2222
7377.5000
7887.5000
7567.2222
8789.7222
7605.2778
7702.7778
6085.2778
7122.5000
7416.6667
6784.1667
6893.8889
7202.2222
6980.2778
6942.5000
6800.2778
7506.1111
9213.6111
8360.0000
8943.8889
7556.1111
6296.3889
8128.0556
6159.1667
6639.4444
7639.4444
8733.0556
6547.5000
6265.8333
8418.6111
6854.4444
6714.1667
7303.8889
6751.1111
7472.7778
8885.2778
7383.3333
8383.3333
9126.1111
7924.4444
6085.0000
7412.7778
6550.2778
8146.6667
7261.6667
6108.8889
6605.0000
8007.7778
7590.5556
6200.5556
6298.8889
7523.8889
7796.3889
7050.8333
9028.0556
6819.4444
7217.5000
6156.1111
7355.5556
6111.3889
6940.0000
7839.1667
6693.3333
6851.6667
7927.7778
8857.5000
8944.4444
7297.2222
8716.3889
9355.5556
6126.9444
6701.1111
6954.1667
6578.8889
8851.3889
6810.5556
8772.7778
7152.7778
7191.1111
7397.7778
7529.4444
8359.7222
8588.8889
6889.4444
9016.6667
6200.0000
7019.1667
8026.6667
8688.3333
9386.1111
6909.1667
7333.8889
6668.8889
8864.7222
9170.5556
6614.7222
6908.3333
7757.5000
6320.0000
7250.0000
7052.2222
7941.6667
8221.9444
6751.1111
7232.2222
7609.1667
9393.3333
9368.3333
7455.8333
7220.8333
7334.1667
6713.8889
7425.0000
7640.0000
7469.4444
8763.0556
6606.3889
6799.4444
7597.2222
8390.5556
6870.8333
9068.6111
9304.4444
6251.9444
6985.2778
8965.0000
9364.7222
6965.0000
7020.2778
6217.5000
6748.0556
6713.0556
7070.2778
6368.6111
7300.0000
7788.3333
7377.7778
8727.7778
8928.3333
9288.3333
7723.3333
8066.6667
8333.3333
9247.5000
7920.2778
7257.2222
7005.5556
8338.8889
7162.7778
6112.5000
6160.5556
6891.3889
9044.4444
6183.8889
6673.6111
6786.9444
6866.1111
9078.0556
6725.2778
6246.3889
8086.3889
8328.0556
7120.8333
8351.3889
6287.7778
7192.5000
7491.6667
8758.0556
7439.4444
7538.3333
7806.3889
9147.5000
6560.2778
6610.5556
7404.7222
8720.5556
8649.4444
7340.2778
6160.0000
8852.2222
6611.9444
8907.7778
6099.7222
7156.1111
8539.1667
7245.5556
9241.9444
6834.4444
6257.2222
8400.2778
8830.5556
6716.3889
7088.6111
7462.5000
7907.7778
9193.3333
6275.5556
6892.7778
7400.0000
8855.5556
9316.6667
9516.6667
8198.8889
6808.6111
7375.2778
7125.2778
7178.6111
8788.0556
8813.6111
6750.0000
7869.4444
8722.7778
6084.7222
6808.0556
8048.8889
6863.6111
6937.5000
6100.8333
6719.7222
8750.0000
6703.8889
8030.5556
8728.0556
7507.5000
8640.2778
8314.7222
7551.1111
6602.5000
6191.3889
6226.1111
7407.7778
6867.7778
6456.6667
6824.4444
7857.7778
7971.9444
6289.4444
6767.5000
7744.4444
7161.3889
7227.7778
6501.3889
8143.8889
7057.2222
9191.6667
6960.8333
6920.5556
7113.0556
8583.6111
8612.2222
8883.0556
7048.3333
6713.6111
8774.4444
6651.3889
6555.2778
9328.3333
6998.0556
8816.6667
6532.7778
6533.0556
8450.0000
6986.9444
6825.5556
6065.8333
7863.6111
7165.2778
7839.4444
7452.5000
8898.0556
7795.5556
8078.8889
6131.9444
6241.9444
6630.5556
8330.8333
8941.1111
6562.7778
7358.8889
7393.3333
8380.2778
6461.1111
6165.2778
6211.9444
7430.2778
6098.6111
6833.6111
9248.8889
7139.7222
6673.8889
6735.0000
7318.3333
7727.5000
7832.2222
7897.2222
7437.5000
6900.8333
7199.7222
6067.2222
7892.5000
7925.8333
6520.0000
7848.0556
8370.5556
6539.1667
6800.5556
8321.1111
6768.8889
8092.2222
6583.3333
6900.0000
9200.0000
6635.2778
6945.8333
7079.1667
7243.8889
7395.2778
7294.4444
7905.2778
9285.2778
7802.5000
8488.8889
7755.2778
7188.6111
6564.7222
9312.2222
9325.5556
7624.1667
8218.8889
6111.9444
7381.1111
8778.6111
8121.1111
8182.7778
6226.9444
7478.3333
7913.3333
7438.0556
8713.0556
7092.2222
9065.2778
8801.9444
6608.0556
7018.8889
7885.8333
7329.4444
8150.0000
7721.3889
9270.5556
6951.1111
7210.0000
8343.0556
6834.1667
6918.0556
8912.5000
6173.6111
8427.5000
8811.9444
7645.8333
6572.2222
8268.6111
8887.5000
7840.0000
8381.9444
9066.6667
7074.1667
7803.6111
6501.1111
8968.0556
9648.3333
7221.3889
6065.0000
8248.0556
8392.2222
9088.0556
7020.0000
8306.3889
6553.6111
8476.3889
6831.6667
7736.1111
8023.3333
8049.4444
8317.7778
8948.0556
8803.8889
6765.2778
6886.3889
6489.4444
6946.1111
7240.0000
8903.0556
6651.3889
7876.6667
6912.2222
7023.6111
8315.0000
6106.6667
7353.3333
7137.5000
6164.1667
6812.2222
7061.6667
9662.7778
8064.4444
6980.5556
9206.3889
6328.3333
8317.7778
7528.3333
8350.8333
7678.8889
7398.0556
7320.0000
7890.2778
7143.3333
7804.1667
8214.1667
8440.0000
8226.9444
8741.3889
8026.9444
6069.1667
6474.4444
6633.3333
8000.0000
8216.6667
9133.3333
9235.5556
8959.4444
6732.5000
7275.8333
8494.1667
8397.5000
8348.6111
9150.2778
9290.2778
7114.4444
7044.7222
9036.1111
6070.0000
6148.6111
8995.5556
7043.3333
8960.5556
8859.4444
6201.6667
8766.9444
6689.7222
7375.0000
7008.8889
9068.3333
9181.9444
7233.6111
7267.2222
8108.0556
7374.7222
8241.6667
7195.8333
9248.6111
9668.3333
8287.2222
8806.3889
7658.3333
6847.5000
9045.5556
9119.4444
7491.9444
6615.5556
6164.4444
7168.0556
8946.6667
6947.5000
9738.0556
6075.0000
8236.3889
7321.1111
6744.4444
7975.0000
7305.8333
8905.2778
6091.3889
9274.4444
8404.1667
7148.6111
8148.6111
6616.6667
6725.0000
7888.0556
8462.2222
7094.1667
9108.0556
7404.4444
8035.5556
9205.8333
7220.2778
8841.9444
7176.6667
7370.2778
7807.5000
9698.0556
8885.8333
9064.4444
6526.1111
7970.5556
8696.3889
9749.7222
6646.9444
6980.2778
8977.2222
7641.6667
6144.7222
8358.6111
8806.1111
9218.8889
7523.3333
8466.3889
8933.6111
7602.2222
6498.3333
7066.3889
6063.0556
7926.1111
8285.8333
8415.5556
7222.2222
7988.0556
8542.7778
6634.7222
6673.0556
6507.5000
8390.8333
8224.1667
7238.6111
6920.5556
7475.8333
8915.2778
8193.6111
9075.5556
8298.0556
6836.3889
7766.6667
7357.2222
7524.4444
7110.0000
8001.6667
8335.0000
8641.1111
8881.6667
6141.6667
9803.6111
8372.5000
6475.5556
7835.8333
8200.0000
7130.0000
8012.5000
8845.2778
9100.5556
9790.0000
6518.0556
8896.1111
7255.0000
6080.8333
6409.7222
6696.1111
6805.0000
7367.2222
7681.6667
9079.7222
8910.0000
6740.5556
7882.7778
6914.4444
8429.7222
6204.1667
8257.2222
8336.9444
6966.6667
6766.9444
8454.1667
7591.9444
8805.8333
8157.5000
8761.9444
7096.9444
6884.4444
7538.8889
6581.3889
6725.5556
8570.0000
8224.1667
8745.0000
7720.8333
8527.7778
7951.3889
8386.3889
7191.1111
7010.0000
7059.7222
8496.3889
7040.2778
6423.3333
8284.7222
6165.0000
8673.3333
8931.3889
6217.2222
7565.5556
9079.4444
7097.7778
7140.5556
9020.8333
8151.3889
6637.2222
7733.3333
9002.5000
7059.4444
6133.6111
6610.2778
8390.5556
7425.5556
8735.8333
6532.5000
8969.7222
8021.9444
6429.1667
8170.5556
7944.4444
6772.5000
6174.7222
7380.5556
8923.8889
7475.0000
8261.3889
7696.1111
8087.5000
6689.4444
6401.3889
7725.5556
8220.2778
7289.4444
8049.4444
8115.2778
6470.5556
6778.8889
8264.4444
8448.6111
6590.0000
8423.6111
7656.9444
8651.3889
6917.7778
8486.9444
7180.2778
7454.7222
6711.6667
6957.7778
7576.6667
6650.5556
6945.0000
7073.3333
6887.2222
7422.5000
8023.6111
8937.7778
6268.6111
6796.6667
6752.5000
7199.4444
8167.7778
7592.2222
8455.2778
8719.7222
6984.4444
8298.0556
6227.5000
8098.0556
8825.8333
7246.9444
7807.7778
8843.3333
6134.4444
6644.4444
8906.3889
6215.5556
6636.1111
7278.8889
8150.0000
7625.0000
8049.4444
8195.0000
8846.9444
7986.6667
8040.8333
6461.3889
8372.2222
7841.3889
8265.5556
6245.8333
6287.5000
7775.2778
7587.2222
7714.4444
8478.0556
7277.7778
6131.6667
8120.8333
6169.1667
7378.6111
7351.6667
8164.7222
7901.9444
6905.2778
7165.2778
6306.1111
7747.2222
7881.9444
7443.3333
8393.6111
6178.6111
8566.9444
8926.9444
6953.0556
8132.5000
8232.2222
7003.3333
8300.0000
6277.7778
6583.3333
7316.6667
8466.6667
8873.8889
6463.0556
6708.6111
8467.2222
7626.9444
7777.5000
8355.0000
6501.1111
7488.3333
6098.3333
6578.0556
6870.8333
8871.1111
7025.5556
6199.4444
6863.0556
8054.7222
6400.8333
8830.2778
6778.6111
6120.8333
7880.5556
8088.8889
7000.8333
8865.8333
7455.0000
7721.6667
8370.8333
6134.4444
7923.6111
8322.2222
8715.8333
6645.0000
7150.0000
6431.9444
7100.5556
6815.8333
7650.8333
8221.1111
8815.8333
7860.8333
6923.3333
6948.6111
8974.4444
7805.0000
6708.6111
7449.4444
8029.7222
8061.3889
8493.6111
7546.6667
7388.6111
6704.4444
6666.9444
6902.7778
8050.0000
8765.8333
6564.4444
7002.2222
8836.1111
7797.2222
8351.3889
8418.3333
8279.1667
8886.6667
7847.2222
6743.0556
7948.3333
6750.8333
6995.0000
7219.4444
8940.8333
6213.6111
7884.1667
8928.3333
8967.2222
6644.4444
8800.0000
7906.1111
7821.6667
8627.2222
6610.5556
7481.1111
7613.8889
7119.4444
8351.3889
7676.6667
7980.0000
8771.1111
6124.4444
6808.8889
8733.0556
8068.6111
7291.6667
7791.3889
8048.3333
8981.3889
6858.0556
8729.7222
8449.1667
8877.5000
8331.6667
6340.5556
8180.0000
8945.8333
7915.8333
9524.1667
6722.5000
6191.1111
6573.3333
8552.7778
6167.2222
7726.9444
8775.2778
6998.3333
8700.0000
6951.9444
6350.0000
6779.7222
7048.8889
7200.0000
7449.4444
9433.3333
9483.3333
8416.3889
7030.8333
6524.7222
6883.0556
7320.0000
7643.0556
7925.0000
8268.3333
8815.5556
7073.3333
7958.8889
8369.4444
6657.5000
7048.0556
7873.6111
6452.2222
6948.8889
7387.5000
8479.4444
6838.6111
7476.3889
8234.4444
6622.2222
8056.6667
8941.6667
7786.1111
8551.3889
9423.8889
6656.1111
6221.6667
7656.1111
8859.7222
6735.5556
8888.6111
6870.0000
8505.8333
9395.2778
6818.8889
9660.5556
7721.6667
8350.5556
8799.4444
8721.9444
6949.7222
7617.5000
9429.1667
8388.3333
7343.8889
7377.2222
6133.0556
9501.6667
9535.0000
9738.6111
9585.8333
6551.3889
7292.7778
8467.2222
9612.7778
7850.8333
9302.7778
8319.7222
8551.6667
7687.5000
9417.7778
7579.4444
9331.3889
8183.0556
6780.8333
8842.2222
6666.1111
8896.3889
6953.8889
9350.0000
7068.0556
7966.6667
8300.0000
8936.6667
9150.0000
9333.3333
9718.0556
7507.2222
6818.0556
7976.1111
6568.0556
7941.6667
6591.6667
6171.1111
6841.9444
7220.5556
9149.7222
9540.5556
6112.5000
6213.6111
8628.3333
9246.1111
6900.5556
7651.9444
8812.2222
6147.7778
7893.6111
8545.8333
7256.9444
8346.1111
9580.0000
7065.5556
7273.8889
7601.6667
7427.5000
6796.6667
9212.5000
7151.6667
7014.7222
8236.9444
8453.6111
8504.4444
6144.7222
6368.8889
6933.8889
8882.5000
7652.7778
9581.6667
6300.2778
7559.4444
9069.4444
6651.6667
6707.5000
7088.0556
7194.4444
7505.2778
8211.6667
7673.8889
8534.4444
8625.8333
7335.0000
6968.8889
7215.0000
8113.0556
6863.6111
9583.6111
6316.3889
6621.1111
6174.1667
6446.6667
6800.0000
7133.3333
9066.6667
9216.6667
9146.6667
7382.5000
6671.6667
8400.8333
6199.7222
6475.2778
8920.0000
7776.3889
7826.9444
8261.9444
6224.1667
6848.3333
7122.5000
7431.6667
7994.1667
6387.2222
8341.6667
9551.1111
7245.2778
8439.7222
6278.0556
8634.1667
9048.8889
7366.9444
8792.5000
6142.5000
6783.0556
6761.3889
7488.8889
6817.7778
9132.5000
7552.2222
9659.7222
6199.7222
6367.5000
6859.4444
7390.2778
9205.5556
8165.0000
7185.5556
8403.6111
7708.0556
9518.0556
7661.9444
7630.5556
6563.8889
7142.5000
7776.6667
8037.2222
8684.7222
6100.2778
6890.5556
8973.8889
9596.9444
6697.5000
8430.0000
6154.1667
6995.5556
8099.1667
8316.3889
6444.4444
6316.3889
7026.1111
8945.2778
6167.7778
6339.1667
8200.2778
8548.0556
9467.7778
6270.8333
6472.7778
6598.0556
6601.1111
7750.0000
7883.3333
8100.0000
8900.0000
9046.6667
6880.8333
8640.2778
9595.2778
7866.3889
9525.0000
6750.0000
7256.9444
9007.5000
6827.7778
9251.3889
6809.1667
6894.4444
8926.6667
6219.1667
6682.2222
8607.5000
6341.1111
7658.6111
7905.2778
8350.2778
6145.2778
6844.1667
7451.3889
7746.6667
9054.7222
9127.5000
6716.9444
7045.8333
9230.0000
9565.0000
7086.6667
6753.8889
7565.8333
9546.9444
6689.1667
6266.9444
6128.6111
8974.1667
6311.9444
7363.3333
8242.5000
7163.6111
6237.2222
6308.8889
7728.6111
8108.3333
9159.1667
9594.4444
7289.4444
8743.0556
9110.0000
7146.1111
6586.9444
8547.5000
8993.6111
6971.3889
9019.1667
7092.2222
6747.2222
8122.2222
8721.3889
9050.8333
6845.0000
6619.4444
7255.0000
8070.5556
8000.0000
8483.8889
6282.7778
6925.2778
9094.1667
7950.8333
6502.2222
8264.7222
8012.2222
7315.5556
6417.7778
7065.8333
8312.5000
8617.2222
9069.1667
6183.0556
6396.6667
7786.1111
8930.5556
8997.7778
8478.3333
7584.7222
7041.1111
6258.0556
7615.8333
9212.7778
7711.3889
7386.9444
7160.2778
7075.2778
8955.5556
7548.0556
8114.1667
6285.2778
7234.4444
7669.4444
8395.0000
6215.5556
6247.2222
7018.0556
7264.7222
6720.2778
6268.3333
9021.9444
6557.7778
6363.8889
6719.4444
8202.2222
7751.1111
8506.6667
8680.2778
9238.6111
9585.0000
9769.1667
6634.7222
7368.0556
8716.1111
9878.3333
7107.5000
9610.5556
6507.5000
9046.1111
8455.8333
6959.1667
8068.3333
8606.3889
8851.6667
6480.2778
6857.2222
9647.5000
6263.3333
7072.2222
9179.1667
9219.7222
6459.4444
6215.2778
9144.4444
6353.0556
6732.2222
7117.7778
7668.3333
6818.6111
7047.7778
9270.2778
7433.6111
8654.1667
6355.8333
7698.0556
8100.2778
6328.6111
8820.0000
6397.2222
6563.3333
6698.3333
7682.7778
9164.1667
7979.4444
8125.5556
7323.6111
7883.0556
9735.2778
6294.7222
6244.7222
7554.1667
8913.8889
9139.4444
8464.1667
8219.4444
7473.6111
7624.4444
7812.7778
7253.6111
8014.4444
6230.5556
7818.8889
8885.2778
9827.7778
8717.7778
7213.6111
6767.2222
7353.8889
8066.1111
9758.3333
7673.6111
8925.2778
9284.1667
9886.1111
7192.2222
7442.7778
8392.2222
8421.1111
6248.8889
6283.3333
6321.3889
7580.8333
8814.7222
6211.3889
6838.6111
7473.8889
6931.9444
6692.5000
7071.9444
7200.2778
6515.2778
6844.7222
7886.1111
6346.1111
6215.0000
6994.4444
6543.6111
7242.5000
8945.0000
8060.0000
7603.0556
7798.3333
8016.9444
9869.7222
7277.2222
9203.6111
8678.3333
7105.5556
8358.6111
6978.0556
7648.8889
6941.1111
6226.3889
7133.0556
8266.3889
7198.6111
7613.8889
7702.5000
9463.0556
9643.6111
7135.5556
8891.6667
8408.3333
7247.7778
7427.7778
7966.9444
9205.8333
6527.7778
7675.2778
8090.0000
6358.8889
7049.7222
8550.0000
8860.5556
7350.0000
8158.3333
8971.6667
6690.8333
7381.1111
7984.7222
6309.1667
8466.1111
6998.0556
6346.6667
7215.5556
7553.8889
7080.2778
8887.7778
6250.0000
6668.6111
8908.6111
6745.8333
9615.8333
6438.0556
6810.0000
7444.4444
7523.3333
7846.1111
6600.0000
7021.6667
6526.9444
7201.6667
9561.9444
8045.8333
8971.6667
7495.8333
9707.7778
6760.2778
7974.7222
7419.1667
9158.6111
7627.7778
7055.5556
6641.6667
8927.2222
8345.5556
6554.4444
8538.0556
9070.5556
9216.6667
7708.3333
6965.8333
6216.1111
6438.8889
7148.8889
8905.0000
9157.5000
9224.7222
8195.2778
9701.6667
7487.5000
8633.3333
7045.8333
9620.8333
7818.6111
8236.3889
8604.4444
7326.6667
8480.8333
8220.0000
8334.7222
6365.5556
8115.5556
9015.5556
8445.8333
9130.0000
6082.7778
7472.5000
6278.0556
7393.8889
6169.1667
9060.0000
8119.7222
6495.5556
6767.7778
9230.2778
6407.5000
7974.1667
6233.3333
7933.3333
8866.6667
9065.0000
6294.4444
8570.8333
7213.8889
6621.1111
8697.7778
8888.3333
8960.5556
9220.8333
6509.4444
8435.8333
7150.0000
7503.3333
7001.6667
6932.7778
6833.6111
7761.9444
9134.7222
6250.8333
7589.1667
8506.3889
9154.7222
9823.8889
7706.6667
8536.9444
9052.7778
7446.3889
8941.1111
6432.2222
6731.6667
6405.5556
8864.7222
9186.1111
7656.1111
9537.5000
6330.5556
6710.2778
8068.3333
8000.2778
9138.0556
9065.0000
9012.7778
8762.5000
7462.7778
8956.1111
6786.1111
9252.5000
7490.8333
6817.5000
8378.3333
8466.6667
6392.2222
8810.0000
9496.9444
8485.0000
6664.1667
6264.1667
7107.7778
9136.3889
9009.4444
9210.8333
8193.8889
6623.6111
6681.9444
8716.6667
6174.4444
6202.5000
6835.0000
8297.7778
6333.3333
6416.6667
7862.2222
8166.6667
9200.0000
7466.6667
8431.9444
9500.5556
7411.9444
7974.7222
9172.7778
6593.6111
6889.7222
8796.3889
8903.8889
8993.3333
7126.9444
9056.3889
8073.6111
9030.5556
6065.2778
8023.3333
8912.5000
6375.5556
9999.7222
6193.8889
7109.1667
7162.2222
7373.6111
9159.4444
6296.9444
6806.1111
8616.1111
6951.3889
8277.2222
9666.3889
6121.6667
6999.1667
7279.7222
6145.8333
6240.5556
6834.4444
7331.1111
7780.5556
9615.5556
6563.6111
9066.3889
7210.5556
7685.5556
9022.7778
6355.0000
6426.9444
9038.6111
7829.7222
8475.8333
6513.3333
7717.2222
8988.3333
7524.4444
7998.3333
8959.4444
9024.1667
9226.1111
9334.4444
8105.2778
8329.4444
6598.0556
6758.6111
9778.0556
6228.0556
6282.7778
6884.1667
8043.3333
8146.9444
7975.5556
6681.9444
9152.5000
7875.5556
8745.0000
7025.2778
6259.7222
6400.5556
7509.4444
8196.1111
9253.0556
6125.8333
8999.1667
6466.6667
7638.8889
7983.3333
9916.6667
7126.1111
6434.4444
6329.1667
7383.3333
7016.1111
7735.5556
10031.9444
8351.3889
6670.8333
6954.7222
8745.5556
9045.2778
6401.1111
6502.5000
6858.8889
7570.5556
9271.1111
8760.2778
8922.5000
7160.2778
7464.1667
8145.8333
9240.5556
7973.3333
9032.7778
9514.7222
8813.0556
6447.2222
6838.8889
7884.1667
7543.0556
8121.1111
6662.7778
6911.3889
9301.9444
9858.3333
6174.1667
7041.1111
7715.5556
6368.0556
7004.7222
8205.0000
8582.7778
6202.2222
6215.8333
9261.3889
7201.1111
7761.9444
9029.4444
9162.2222
7041.9444
7426.9444
6444.1667
9008.0556
7836.1111
8746.6667
6700.5556
6305.2778
9148.0556
8048.8889
8923.3333
9177.5000
8634.1667
8780.5556
9357.2222
7296.1111
7633.6111
8443.0556
6265.2778
8121.1111
9282.7778
7476.3889
7980.5556
10120.0000
8984.1667
7669.4444
8345.5556
9203.8889
6180.5556
8183.3333
6238.3333
6810.2778
7850.0000
8016.6667
8483.3333
8579.7222
9100.0000
9150.0000
9333.3333
6790.2778
9054.4444
8846.1111
6835.2778
7457.5000
6898.3333
8371.6667
8504.4444
6740.5556
7511.9444
7133.6111
8324.1667
7251.1111
8029.7222
8039.1667
6550.2778
9905.5556
7167.5000
8225.8333
6267.2222
7937.2222
6137.5000
6574.7222
6175.8333
6956.9444
6918.8889
6127.5000
6300.2778
6333.3333
10066.6667
7583.3333
7650.0000
7700.0000
7950.0000
7966.6667
8233.3333
8433.3333
8483.3333
8850.0000
6226.3889
6987.5000
7241.9444
6177.5000
6796.3889
9871.9444
6295.5556
10141.6667
7231.6667
6263.0556
6140.0000
7023.6111
6294.7222
6709.4444
6844.1667
7483.3333
7633.3333
7883.3333
8100.0000
8516.6667
8566.6667
9083.3333
9533.3333
6154.4444
6478.8889
6307.7778
7099.7222
6921.9444
6278.0556
6396.3889
6631.6667
6310.2778
6218.0556
10016.6667
7450.0000
7866.6667
8000.0000
8016.6667
8216.6667
8500.0000
8666.6667
9000.0000
9100.0000
6536.3889
10076.6667
6318.6111
6176.3889
9899.1667
6736.3889
6143.0556
6502.2222
10059.7222
7167.7778
10016.6667
10083.3333
7350.0000
7483.3333
7533.3333
7666.6667
8083.3333
8133.3333
8266.6667
8366.6667
8566.6667
8716.6667
8933.3333
6285.2778
10085.8333
6611.3889
6151.9444
6306.3889
6148.8889
6798.6111
6685.5556
10065.5556
6369.7222
6111.1111
10092.5000
6116.6667
6250.0000
7816.6667
8433.3333
8750.0000
8883.3333
9016.6667
9200.0000
9500.0000
10063.8889
7239.7222
6981.1111
7146.9444
6462.5000
10094.7222
6293.8889
6427.2222
7142.5000
6618.6111
6540.0000
6245.2778
6236.1111
6433.3333
7083.3333
7383.3333
7516.6667
8283.3333
8316.6667
8850.0000
8950.0000
9083.3333
9450.0000
9566.6667
9600.0000
7092.5000
10046.9444
6109.7222
6782.2222
10124.7222
6262.5000
6315.5556
6169.1667
6658.3333
6961.1111
7350.0000
7616.6667
7783.3333
8066.6667
8283.3333
8350.0000
8466.6667
8566.6667
8583.3333
8883.3333
9283.3333
9366.6667
6196.3889
6446.6667
7220.2778
6161.3889
10003.0556
10141.6667
10171.6667
7066.1111
6082.7778
10116.6667
7716.6667
7950.0000
8050.0000
9016.6667
9116.6667
9216.6667
9500.0000
9516.6667
9950.0000
7238.8889
10134.4444
6209.1667
10027.2222
6237.5000
6791.6667
6304.7222
6770.0000
6156.9444
6656.6667
6334.4444
6271.6667
9917.2222
9962.7778
6147.2222
6355.2778
6385.5556
9922.2222
10069.7222
6579.7222
6583.3333
7700.0000
7766.6667
7883.3333
8100.0000
8233.3333
8250.0000
8283.3333
8633.3333
9233.3333
9483.3333
9983.3333
6250.8333
6903.0556
6241.6667
6283.6111
10015.8333
6697.2222
6187.7778
6244.4444
6108.3333
7000.0000
7533.3333
7566.6667
7650.0000
7800.0000
8266.6667
8600.0000
8850.0000
9016.6667
9116.6667
9166.6667
6289.7222
9961.9444
6872.2222
6336.6667
6224.1667
6363.3333
6728.6111
6486.1111
9974.1667
6216.3889
9927.5000
9911.1111
10033.3333
7283.3333
7433.3333
7716.6667
7766.6667
7833.3333
7866.6667
7933.3333
8350.0000
8383.3333
8483.3333
8550.0000
8600.0000
9066.6667
9683.3333
9750.0000
9850.0000
6231.3889
10010.2778
6227.5000
6774.1667
6391.3889
6337.5000
7092.5000
6181.9444
6553.0556
7383.3333
7466.6667
7616.6667
7716.6667
7800.0000
7833.3333
7866.6667
8050.0000
8266.6667
8283.3333
8466.6667
8550.0000
8616.6667
8733.3333
8900.0000
8966.6667
9150.0000
9666.6667
6253.8889
6920.5556
6318.3333
6230.8333
6488.0556
6268.3333
6320.2778
6667.5000
7162.5000
7333.3333
7683.3333
7700.0000
7833.3333
8116.6667
8183.3333
8350.0000
8750.0000
8833.3333
8866.6667
9100.0000
9200.0000
9233.3333
6237.7778
7206.6667
6345.0000
6316.6667
6350.0000
6665.2778
6666.6667
7500.0000
7700.0000
8283.3333
8416.6667
8650.0000
8750.0000
8816.6667
9000.0000
9116.6667
9366.6667
6313.0556
6681.3889
6419.1667
6522.7778
7010.5556
6801.9444
6354.4444
6240.8333
7300.0000
7333.3333
7483.3333
7633.3333
7700.0000
7766.6667
7983.3333
8050.0000
8333.3333
8833.3333
8883.3333
8966.6667
9283.3333
9333.3333
6481.6667
6394.1667
6571.6667
6612.5000
7223.6111
6319.1667
6239.1667
6300.0000
6866.6667
7883.3333
8116.6667
8383.3333
8583.3333
8600.0000
8633.3333
8733.3333
9000.0000
9183.3333
9333.3333
9516.6667
9900.0000
6299.7222
6268.6111
6993.6111
6419.7222
6308.8889
7078.3333
7383.3333
7616.6667
8000.0000
8100.0000
8216.6667
8466.6667
8950.0000
9283.3333
9550.0000
9816.6667
6246.1111
9894.4444
6923.3333
10090.2778
6682.5000
9870.8333
6292.7778
6543.3333
7018.3333
9883.6111
6279.1667
9890.2778
7070.5556
7333.3333
7966.6667
8050.0000
8416.6667
8666.6667
8766.6667
8883.3333
9000.0000
6577.5000
7152.2222
6347.7778
6282.5000
6801.1111
6879.1667
6347.5000
6259.1667
6337.7778
7316.6667
7483.3333
7500.0000
7800.0000
7916.6667
7983.3333
8083.3333
8633.3333
9166.6667
9300.0000
9550.0000
6713.0556
6422.7778
6279.4444
6267.5000
6664.7222
6287.7778
6316.6667
6646.1111
7163.8889
7300.0000
7916.6667
7933.3333
8333.3333
8516.6667
8666.6667
8850.0000
8950.0000
9033.3333
9116.6667
9233.3333
9366.6667
9466.6667
9550.0000
9733.3333
9883.3333
6314.4444
6954.1667
6363.8889
6554.1667
6678.8889
6839.4444
9896.1111
6307.5000
6546.6667
6267.7778
6545.2778
7383.3333
7450.0000
7500.0000
7633.3333
7833.3333
8050.0000
8500.0000
8766.6667
9400.0000
9816.6667
7158.6111
6344.4444
6254.7222
6313.0556
6398.6111
7195.2778
9687.5000
6263.3333
6486.9444
7400.0000
7716.6667
7816.6667
7916.6667
8033.3333
8100.0000
8250.0000
8483.3333
8666.6667
8916.6667
9316.6667
9383.3333
9650.0000
6648.0556
7058.6111
6882.7778
10005.8333
9988.0556
6237.5000
6736.3889
7029.4444
7366.6667
7583.3333
7800.0000
7883.3333
8600.0000
8966.6667
9133.3333
9216.6667
9516.6667
6255.5556
9953.8889
6756.9444
6270.5556
6656.3889
6297.2222
9968.8889
6951.3889
9977.7778
6273.6111
7250.0000
7566.6667
7650.0000
7766.6667
8050.0000
8550.0000
8816.6667
9400.0000
9566.6667
7134.7222
6334.7222
6295.8333
6750.5556
6312.7778
6531.1111
6890.8333
6447.7778
6930.8333
7350.0000
7416.6667
7433.3333
7516.6667
7750.0000
7866.6667
7916.6667
8383.3333
9033.3333
9183.3333
9233.3333
9466.6667
9566.6667
7075.5556
6396.1111
6571.1111
7212.5000
6302.7778
6335.2778
6261.1111
6434.7222
6281.6667
9371.6667
6338.8889
6809.1667
7083.3333
7450.0000
8183.3333
8200.0000
8533.3333
8633.3333
9000.0000
9300.0000
9350.0000
9425.2778
9174.4444
6653.0556
9044.4444
9152.5000
9108.0556
9497.2222
9124.7222
9527.7778
6279.1667
9355.5556
9403.6111
6253.0556
6873.0556
9097.2222
6540.5556
6377.7778
9182.5000
9211.6667
6278.3333
6310.2778
6435.8333
9263.8889
7202.7778
9901.9444
6341.3889
9337.5000
6433.3333
7316.6667
7533.3333
7716.6667
7816.6667
7916.6667
8400.0000
8850.0000
6314.1667
9158.0556
9446.6667
9186.6667
6959.7222
6306.9444
9927.5000
9100.0000
9951.1111
9498.3333
6920.2778
9160.2778
9142.7778
9249.7222
9028.3333
9814.7222
6600.0000
6833.3333
7050.0000
7283.3333
7400.0000
7716.6667
7766.6667
8083.3333
8683.3333
8800.0000
8983.3333
9216.6667
9550.0000
9378.0556
9920.5556
6344.4444
9102.5000
9269.7222
6748.3333
6388.8889
9313.8889
9149.1667
9920.0000
9794.1667
9205.2778
9582.5000
6743.0556
9179.4444
7086.3889
9319.1667
9941.9444
7633.3333
7666.6667
7800.0000
7950.0000
8216.6667
8300.0000
8383.3333
8583.3333
8766.6667
8916.6667
9050.0000
9574.7222
9633.3333
9717.7778
6695.2778
6390.2778
9406.3889
9691.1111
9628.6111
7176.9444
9198.6111
9759.1667
9789.7222
6495.8333
9383.3333
9512.7778
6805.5556
9023.8889
9070.5556
6615.8333
9020.0000
9305.8333
9096.3889
10033.3333
6966.6667
7000.0000
7266.6667
7333.3333
7583.3333
7633.3333
7816.6667
7866.6667
8300.0000
8366.6667
8750.0000
8866.6667
9152.7778
9250.0000
9133.8889
9182.2222
10016.3889
9951.3889
9018.6111
9270.2778
9060.8333
9563.8889
9791.6667
6546.3889
9195.2778
6377.7778
9459.7222
9022.2222
6411.3889
9939.1667
9189.4444
9915.0000
9104.1667
6383.3333
6833.3333
7130.2778
7416.6667
7433.3333
7683.3333
7750.0000
8000.0000
8033.3333
8250.0000
8916.6667
9266.9444
9045.2778
9885.8333
6477.7778
6540.2778
6785.5556
6907.7778
9187.7778
10023.8889
6635.5556
9133.0556
7035.5556
6451.6667
7130.2778
7014.1667
7075.0000
6383.8889
9384.7222
6717.5000
9067.5000
7412.2222
9101.9444
9263.6111
8005.0000
8788.3333
9224.4444
8821.3889
7255.2778
9171.6667
6484.1667
7186.3889
8723.0556
7485.5556
7517.5000
8090.0000
7900.8333
8391.9444
7844.1667
8546.9444
9836.1111
8311.3889
6541.3889
6921.3889
9865.2778
6873.0556
9043.8889
6366.6667
6633.3333
7116.6667
7783.3333
7831.9444
8950.0000
9033.3333
8692.5000
8983.0556
9136.9444
6601.6667
6777.2222
9948.0556
8919.7222
7332.5000
7703.6111
7656.6667
9107.5000
6524.4444
6577.5000
7433.3333
8886.6667
8122.5000
9072.7778
7716.1111
6822.5000
8060.5556
7919.7222
8091.6667
8467.5000
8594.4444
8878.8889
7578.3333
6623.6111
7058.8889
6663.0556
7174.7222
8403.3333
9213.3333
9966.6667
8990.8333
8287.7778
8750.2778
8895.2778
8017.5000
7724.4444
8418.0556
9570.8333
9249.7222
9318.0556
7212.2222
8831.1111
9113.6111
7936.6667
7455.5556
7301.6667
7869.7222
8658.6111
8337.7778
6858.8889
10047.2222
8711.1111
7814.1667
8794.1667
8050.2778
7268.8889
6903.8889
7990.0000
8504.4444
7894.4444
7383.3333
10083.3333
8300.0000
8616.6667
8751.6667
9300.0000
6571.6667
7541.6667
7419.4444
8098.3333
8930.2778
7673.8889
8373.8889
8795.2778
6486.3889
7961.9444
7242.5000
6431.1111
6551.1111
10108.0556
6361.9444
7752.5000
9840.5556
9033.0556
9146.1111
6638.0556
10130.8333
6718.8889
7300.2778
6953.6111
9211.6667
8413.6111
6926.6667
8864.1667
7937.7778
9975.0000
8717.2222
8560.2778
6523.8889
8791.3889
7786.1111
8451.6667
10041.9444
7645.8333
8617.5000
6838.8889
8687.5000
8098.0556
7046.1111
7191.1111
7108.6111
8036.1111
7159.1667
7857.2222
8461.1111
8816.3889
7698.0556
6781.1111
7438.0556
6913.0556
8778.8889
8153.6111
6183.3333
6200.0000
6497.2222
6766.6667
6966.6667
7233.3333
7500.0000
8466.6667
9116.6667
9323.8889
8959.4444
6439.4444
7911.6667
8928.3333
6193.8889
8003.8889
8613.8889
8884.4444
7138.8889
7953.6111
8735.0000
9367.7778
9241.6667
6995.5556
8999.7222
9839.7222
7808.0556
9284.1667
7050.0000
8689.4444
7279.7222
7442.2222
7386.6667
8350.0000
8700.2778
8835.0000
8906.6667
8121.1111
7427.5000
8526.6667
9026.1111
6605.2778
7360.5556
8063.6111
7787.7778
7830.5556
7079.4444
8789.7222
7545.8333
9029.7222
6655.0000
7946.9444
7967.7778
8510.8333
7024.7222
7215.8333
9420.0000
9823.6111
6504.1667
8031.9444
6220.2778
6175.0000
6852.2222
6966.1111
9321.1111
10070.5556
6352.7778
6836.9444
7295.5556
7456.9444
9072.7778
6641.6667
8722.2222
10038.3333
6127.7778
9779.1667
6195.5556
9103.3333
8979.1667
6262.7778
9157.7778
6416.6667
6583.3333
6700.0000
6900.0000
7883.3333
8083.3333
8200.0000
9733.3333
6956.6667
8678.0556
6797.7778
8940.5556
7438.8889
8468.3333
7774.7222
8769.4444
9538.0556
8195.8333
6893.6111
6177.2222
6467.7778
7732.5000
9181.6667
7037.5000
6123.3333
7933.0556
9285.8333
8431.6667
8500.0000
8125.2778
6726.3889
9028.0556
7223.6111
8825.5556
7125.8333
9320.5556
6601.1111
8015.5556
9140.8333
8097.2222
6656.3889
6181.9444
7966.6667
7200.8333
8059.1667
8720.2778
9421.3889
6820.2778
8937.2222
9443.8889
8660.2778
6633.0556
7707.7778
7792.7778
6138.6111
8961.3889
10003.6111
6588.3333
7649.4444
8017.7778
8607.7778
9403.6111
8323.0556
6518.8889
7120.0000
9961.1111
6187.5000
6843.6111
8224.4444
8869.7222
6886.6667
6742.7778
7533.3333
7550.0000
7616.6667
8183.3333
8766.6667
8983.3333
8108.8889
7728.3333
7943.3333
7086.3889
6221.6667
8524.1667
9089.4444
6928.8889
9175.2778
9563.6111
7229.4444
9395.5556
9278.6111
6145.0000
8712.5000
6964.4444
6306.9444
7013.8889
7833.0556
6783.0556
6394.7222
7043.6111
7757.7778
9031.1111
7543.0556
8908.0556
9140.2778
6621.1111
7996.9444
7305.2778
9826.3889
6428.6111
7860.2778
8400.5556
6706.1111
8650.5556
8074.7222
8499.1667
8858.6111
9078.6111
7674.7222
6614.4444
6751.1111
7884.7222
7695.5556
8228.6111
9039.4444
9321.6667
9684.4444
7588.8889
7906.3889
8337.2222
8476.6667
7331.6667
7795.8333
7972.2222
6350.8333
6401.9444
7366.3889
7509.4444
8118.3333
6727.5000
8278.8889
6645.5556
9209.4444
7022.5000
7146.9444
6455.8333
8699.7222
7626.3889
9812.5000
6514.7222
6490.2778
8787.5000
9118.3333
7110.2778
6133.3333
6547.2222
6983.3333
7226.6667
8850.0000
8900.0000
7912.5000
9394.1667
9498.6111
7238.6111
8985.0000
6569.4444
9321.3889
7057.5000
7353.0556
7943.8889
7315.0000
8816.9444
7629.1667
8026.6667
8077.2222
9065.8333
9230.5556
8223.6111
8873.3333
6267.7778
6239.7222
6925.5556
7833.8889
8550.8333
7708.6111
8842.5000
6188.3333
7749.1667
8722.5000
6868.8889
9486.3889
8760.0000
8925.0000
6332.7778
6423.6111
7249.1667
9341.1111
7513.3333
7376.3889
7673.0556
8584.4444
7108.0556
8107.2222
7602.5000
9836.9444
7012.5000
6773.6111
9394.1667
6253.0556
6368.0556
8793.6111
6490.2778
6730.0000
8448.0556
7405.0000
8687.5000
7144.7222
8602.2222
7422.2222
8134.4444
8824.7222
9173.8889
9082.7778
7316.6667
7800.0000
8033.3333
8733.3333
9383.3333
6531.3889
6850.5556
7235.2778
9515.0000
7071.6667
7853.6111
9339.1667
6339.7222
6666.1111
7507.2222
8525.5556
8616.3889
7125.0000
7920.0000
7778.6111
7871.9444
7968.8889
8104.7222
8903.0556
6818.3333
7025.5556
7681.9444
8803.3333
8005.5556
9213.6111
7369.1667
8820.0000
8503.6111
6893.0556
7420.0000
7575.5556
9402.5000
9109.1667
8094.4444
6748.3333
8255.8333
7148.6111
7330.5556
8028.6111
6218.6111
9834.4444
7477.5000
9181.6667
6483.3333
6700.2778
8116.6667
8150.0000
8550.0000
9050.0000
9916.6667
6842.7778
6931.9444
7973.8889
6348.6111
8494.1667
6463.6111
7190.8333
6243.0556
8199.4444
7710.0000
7762.2222
8016.9444
8865.5556
7861.1111
6948.0556
7584.4444
9507.7778
9217.5000
9086.6667
9355.0000
7406.1111
7600.2778
7040.5556
7679.7222
6674.1667
7163.0556
7221.9444
8098.0556
8819.7222
9940.5556
8278.6111
7081.9444
8850.8333
8247.2222
8755.0000
9042.7778
8036.6667
9405.5556
6897.5000
7636.9444
6283.8889
8450.5556
8592.2222
7552.7778
6255.5556
9078.3333
7811.3889
6695.8333
8175.5556
8025.2778
8105.5556
7309.4444
8699.7222
8413.8889
7261.3889
8376.1111
6849.1667
7595.0000
7693.6111
7716.6667
7008.3333
7743.0556
9945.2778
7097.5000
7367.7778
7936.1111
8307.2222
9156.1111
8786.1111
9573.8889
6956.1111
7442.5000
8666.9444
7894.4444
8275.0000
9093.0556
6800.0000
7850.0000
8183.3333
8516.6667
9550.0000
9846.9444
8564.1667
6283.8889
7834.7222
8447.5000
8815.0000
7278.0556
7532.7778
6261.6667
8939.7222
9476.9444
7195.5556
7589.7222
8325.8333
9109.1667
7000.0000
9387.7778
6696.1111
7497.7778
8589.4444
7798.0556
8094.4444
7619.1667
7833.3333
6761.1111
7710.8333
8934.1667
9236.3889
7435.0000
8721.1111
8920.0000
7422.7778
8352.7778
9363.0556
7732.2222
8208.8889
9038.6111
8674.7222
8764.4444
7537.5000
8308.3333
6960.0000
7636.1111
9377.7778
7707.5000
9206.6667
7876.9444
6911.6667
7219.7222
10100.0000
6786.1111
9765.5556
7781.9444
9225.5556
7252.2222
7290.5556
8549.7222
9252.2222
7365.0000
8575.0000
7316.6667
7450.0000
7866.6667
8116.6667
8200.0000
8250.0000
9316.6667
10070.2778
8405.0000
7175.8333
7732.5000
7392.5000
8095.0000
7448.8889
7857.2222
8777.5000
6895.0000
7141.1111
8457.5000
6803.0556
8176.6667
6293.0556
7646.3889
8855.5556
8264.7222
9499.4444
7208.6111
9093.8889
9121.1111
9943.6111
6733.3333
7905.0000
8879.7222
9210.2778
8023.8889
8684.1667
7618.0556
8489.7222
8544.7222
8735.5556
6347.5000
7796.6667
8152.7778
8630.2778
7887.5000
9151.1111
7758.8889
8316.1111
9468.3333
9027.5000
7501.3889
8995.2778
7823.6111
9368.6111
9898.8889
7217.2222
7771.6667
8358.0556
9455.5556
7253.0556
9290.5556
7287.7778
8533.0556
6675.0000
7163.8889
7729.1667
9323.8889
10102.2222
7905.0000
9201.3889
6733.3333
7016.6667
7123.8889
7583.3333
7783.3333
7916.6667
8083.3333
8166.6667
8283.3333
9141.1111
9166.6667
7663.6111
9408.3333
9181.6667
7631.1111
6860.0000
8330.2778
9579.4444
6672.2222
6930.8333
9233.6111
7058.8889
7161.1111
7233.3333
7450.2778
6975.2778
8645.2778
7675.5556
8500.8333
8979.4444
7194.1667
7410.2778
7247.5000
8693.6111
8725.5556
9080.8333
7477.5000
7030.5556
8247.7778
8017.5000
7131.9444
7003.3333
8466.1111
7697.7778
8084.7222
8591.1111
9139.7222
9365.8333
6900.5556
6821.9444
6941.9444
10086.6667
7146.9444
6788.0556
8441.9444
7635.2778
7737.5000
8569.7222
6661.3889
9051.3889
9110.8333
8394.4444
8680.0000
9233.6111
7075.8333
8118.3333
9845.0000
8100.0000
9316.6667
8716.3889
9752.2222
9404.4444
8561.3889
6869.4444
6911.1111
7182.7778
9326.1111
6829.7222
6691.3889
7026.6667
7795.0000
9201.6667
9661.1111
9456.3889
7314.4444
8006.6667
8697.7778
8641.6667
8115.5556
7193.6111
9115.2778
9740.2778
7212.7778
8099.1667
9783.3333
6991.9444
6818.8889
7109.1667
7250.5556
7009.7222
6663.3333
8020.2778
9566.6667
8301.6667
6845.0000
6925.2778
9091.9444
6756.3889
7089.4444
7933.3333
8000.0000
9033.3333
7420.2778
7784.7222
9152.2222
7188.3333
9126.9444
9348.8889
9760.0000
7717.5000
7316.6667
7135.0000
9206.1111
6959.7222
9441.9444
8005.0000
8605.0000
6983.3333
9235.8333
9328.8889
6638.8889
7031.6667
8369.4444
6790.2778
9285.2778
8014.4444
8994.4444
7706.6667
7743.3333
9749.4444
7871.1111
9129.4444
8398.0556
9346.1111
8310.5556
6898.3333
7783.0556
8169.7222
9390.2778
9081.6667
9035.8333
6733.3333
7700.0000
8083.3333
8150.0000
8485.5556
8117.5000
9348.8889
8620.8333
9828.3333
9125.2778
8393.3333
9673.0556
6750.2778
8603.3333
8061.9444
8671.3889
8011.9444
7067.2222
9161.1111
7734.7222
7878.3333
9933.6111
7151.1111
6912.7778
7058.0556
9793.8889
8281.6667
6995.2778
8556.9444
9354.1667
8099.4444
8658.8889
8599.7222
6867.2222
7666.1111
8973.3333
9100.0000
7125.8333
9333.6111
7023.6111
7863.3333
9410.2778
9283.8889
9729.7222
9880.2778
6954.7222
8997.5000
9252.7778
8602.5000
6700.2778
7748.8889
8419.4444
7233.3333
8045.5556
8500.0000
6960.2778
7142.2222
9180.2778
9593.0556
9828.3333
8191.6667
8233.3333
6903.6111
7164.1667
6845.2778
8099.7222
9230.8333
8118.8889
7983.6111
10054.1667
8553.6111
6988.8889
9905.0000
8480.5556
8015.0000
7224.7222
8261.1111
9203.6111
6769.7222
7858.0556
8446.3889
9071.6667
7076.9444
7142.7778
9171.3889
7697.2222
7930.2778
7032.5000
8076.3889
9116.3889
7704.4444
7890.0000
8199.7222
9339.1667
9023.0556
7096.6667
8134.7222
9205.2778
6887.5000
9265.5556
8051.9444
8325.5556
7116.6667
7166.6667
8033.3333
8366.6667
9185.5556
9216.6667
8285.8333
8545.0000
7101.9444
8585.5556
6791.1111
7951.9444
7713.3333
7902.2222
8084.4444
9819.1667
6838.3333
9051.3889
10036.1111
8136.6667
9928.6111
6937.5000
8566.3889
9361.3889
7056.9444
8155.5556
7083.8889
8044.4444
9507.2222
9318.0556
9895.8333
9621.9444
9219.4444
9859.1667
8286.9444
9026.9444
9826.3889
7210.2778
8509.4444
9873.3333
6905.2778
7905.2778
8387.2222
8163.8889
8991.9444
8564.7222
7159.4444
9721.9444
8931.6667
7112.2222
8660.5556
8001.9444
9100.0000
6838.0556
9802.2222
8617.5000
8047.2222
9843.6111
8499.7222
9383.6111
6890.0000
9366.3889
7052.7778
7090.8333
9092.2222
8232.5000
9268.8889
8169.1667
9753.6111
9815.8333
8021.9444
9990.8333
9034.4444
6824.7222
8516.1111
8207.5000
7978.3333
9944.7222
6914.4444
8356.6667
8799.7222
8718.6111
8833.3333
9292.2222
8065.8333
9318.8889
8300.0000
8316.6667
9200.2778
9858.3333
8946.6667
9573.6111
8913.0556
9214.7222
6987.7778
7139.1667
8996.1111
8542.5000
7028.0556
6883.8889
9998.6111
8423.6111
9056.1111
8448.8889
8757.5000
8676.1111
9700.8333
6986.9444
8272.5000
9816.6667
9000.5556
9253.6111
8731.1111
8914.1667
8846.9444
7970.5556
6843.0556
8538.6111
9865.2778
6899.1667
8812.5000
7925.5556
8659.4444
8861.6667
8206.1111
6900.0000
6966.6667
6983.3333
9283.3333
9928.6111
9901.3889
6860.8333
7900.2778
6836.3889
10063.6111
9626.9444
8893.0556
8584.1667
9850.0000
7125.2778
8497.5000
8776.6667
10040.8333
9063.3333
9331.1111
9223.0556
8234.1667
9384.4444
8722.2222
6893.3333
7008.3333
8763.0556
7926.6667
9249.1667
9327.5000
9034.4444
8156.9444
8925.0000
8778.3333
9798.0556
8142.2222
7113.3333
8881.1111
10011.6667
6875.5556
9653.0556
8722.2222
8200.0000
8657.5000
9861.9444
9030.5556
8322.5000
8598.3333
9267.7778
6916.6667
8483.3333
9033.3333
9800.0000
7018.8889
7034.1667
8903.6111
8783.0556
8494.4444
8340.2778
8398.0556
6871.9444
6889.7222
9724.7222
10029.7222
9225.5556
8367.5000
8593.3333
8002.5000
8769.4444
7025.8333
7902.7778
7981.6667
7131.6667
9790.8333
9038.3333
6908.6111
8280.0000
9309.1667
7065.0000
9216.9444
8018.3333
8930.5556
7001.1111
9799.7222
8983.8889
8211.3889
6920.0000
8130.8333
9366.6667
9326.9444
7964.4444
9993.0556
7162.7778
8391.3889
9375.0000
8154.4444
6966.3889
9294.7222
7987.2222
9037.7778
8081.9444
8961.6667
6934.7222
8998.3333
8280.8333
8120.0000
9018.8889
8428.0556
7116.6667
9260.0000
7095.8333
7875.2778
9332.5000
8371.1111
8440.8333
6931.1111
8020.5556
9358.3333
9687.5000
7013.8889
8252.2222
9412.2222
7935.2778
9441.3889
9316.6667
9400.0000
9550.0000
9786.3889
9267.2222
9411.9444
6881.6667
8512.7778
6986.9444
9300.2778
9546.9444
7079.7222
9321.6667
8176.1111
9354.1667
7113.6111
8389.1667
8566.1111
9829.7222
9570.5556
8227.5000
9315.2778
9812.7778
6924.1667
9842.5000
9503.3333
9333.3333
8451.6667
8196.3889
9716.6667
8424.1667
8106.6667
8541.6667
8476.6667
6895.0000
6961.1111
7007.2222
8200.2778
7038.6111
8313.8889
6915.8333
8274.4444
8195.5556
8422.5000
9790.2778
8170.2778
8646.6667
7050.0000
8500.0000
8600.0000
8148.3333
7990.8333
8226.6667
6874.4444
7009.1667
8501.1111
6959.1667
8527.2222
8087.2222
8251.3889
8480.8333
8605.8333
7005.5556
7060.8333
7027.7778
8244.7222
8036.6667
6966.9444
6920.2778
8651.6667
8523.0556
8585.2778
6966.6667
8568.0556
6908.0556
8631.9444
7023.6111
8115.2778
8531.6667
8576.9444
8327.7778
8481.1111
8616.6667
8139.4444
8323.3333
8076.6667
8299.4444
7036.3889
8503.0556
6984.1667
8109.7222
8470.0000
7049.7222
8163.6111
8451.6667
7039.4444
8450.0000
8516.6667
6975.5556
8303.6111
8404.1667
8509.4444
7050.0000
8319.4444
8466.1111
8158.0556
8166.6667
8390.2778
8500.0000
8452.7778
8314.4444
8210.0000
8183.3333
8454.1667
8399.7222
8313.8889
8381.1111
8434.4444
8283.3333
8173.8889
8329.4444
8406.3889
8282.2222
8375.5556
8368.6111
8448.6111
8283.3333
8331.1111
8234.1667
8192.2222
8264.1667
8100.0000
8133.3333
8214.7222
8183.3333
8066.1111
8222.5000
8178.0556
8255.8333
8234.1667
8196.6667
8141.1111
8116.6667
8201.9444
8138.8889
7906.6667
7889.7222
8209.7222
7833.3333
8198.6111
8006.3889
8139.1667
7896.6667
7841.6667
8210.5556
7855.2778
8173.8889
8113.0556
8155.0000
7840.5556
8135.0000
7963.8889
8119.7222
7766.6667
7783.3333
8139.4444
8437.2222
8162.7778
8054.1667
8111.9444
8399.4444
8135.5556
8379.1667
8135.0000
8292.7778
8108.3333
8467.5000
8581.1111
8085.2778
8124.7222
8277.7778
8100.0000
8068.0556
8551.6667
8462.7778
8531.3889
8430.2778
8600.8333
7715.5556
8118.8889
8611.1111
8512.7778
8370.5556
8078.8889
8450.0000
8633.3333
8408.6111
8593.3333
8623.6111
8059.1667
8270.8333
8641.6667
8383.3333
8306.9444
8055.0000
8628.8889
8388.8889
8356.3889
8596.3889
8144.1667
8090.2778
8063.6111
8255.5556
8593.6111
8030.5556
8195.5556
7997.7778
8304.1667
8376.6667
8116.6667
8645.8333
8283.3333
8594.7222
8258.6111
8138.0556
8183.0556
8352.2222
8019.1667
8305.2778
8631.6667
8049.1667
8563.3333
8257.7778
8130.5556
8613.8889
8233.3333
8784.7222
8145.5556
8567.7778
8035.8333
8343.3333
8386.6667
8420.5556
8779.7222
8689.1667
8293.6111
8091.1111
8104.7222
8626.9444
8240.0000
8384.7222
8171.6667
8333.3333
8070.8333
8331.9444
8213.0556
8239.4444
8278.6111
8445.0000
8640.2778
8181.6667
8019.4444
7994.7222
8400.2778
8346.1111
8773.6111
8155.2778
8404.1667
8383.3333
8500.0000
8716.6667
8609.1667
8117.7778
8450.0000
8536.1111
8752.5000
8026.6667
8737.7778
8695.5556
8242.2222
8701.1111
8663.8889
8301.6667
8212.5000
8717.7778
8124.1667
8564.1667
8040.8333
8651.3889
8241.9444
8376.1111
8046.1111
8547.7778
7788.3333
7937.7778
8335.2778
8610.5556
7745.5556
8420.5556
8430.8333
7709.4444
8360.8333
8446.9444
8637.7778
8622.5000
8424.4444
8376.6667
8698.3333
7649.4444
8423.8889
7688.6111
7834.4444
8389.7222
8303.8889
7750.5556
8499.7222
7601.1111
8455.5556
8525.2778
8407.5000
7591.3889
7583.3333
7683.3333
7816.6667
8483.3333
8450.0000
7660.2778
7771.1111
8469.1667
7564.4444
7653.8889
8492.7778
7853.6111
8410.0000
7588.6111
7672.5000
8317.5000
8515.5556
7610.2778
8271.6667
7630.8333
7690.5556
7558.3333
8443.0556
8288.8889
7657.5000
8400.0000
7806.1111
8171.6667
8237.7778
7714.1667
7551.9444
7996.3889
7591.3889
8436.6667
7772.7778
7611.3889
7642.2222
7885.2778
8282.5000
7642.7778
7583.3333
7683.3333
7766.6667
7783.3333
7812.5000
7966.6667
7624.1667
8447.5000
8380.5556
7643.3333
7676.3889
7722.5000
7967.2222
8150.8333
8168.8889
7773.0556
7828.3333
7899.1667
7549.7222
7956.9444
8406.6667
7647.5000
8515.2778
8185.2778
8254.1667
7512.5000
7870.8333
7975.2778
7698.3333
7631.1111
7577.2222
8434.4444
7663.6111
7947.7778
7787.2222
7483.6111
8323.8889
8361.1111
7633.3333
8350.0000
8366.6667
7745.2778
8071.3889
8221.9444
8425.5556
8409.4444
8473.3333
7933.6111
8466.6667
7576.1111
7525.8333
7619.7222
8316.3889
7500.2778
7643.3333
7933.3333
7598.0556
7777.7778
8030.8333
7685.8333
7762.2222
7632.5000
7523.8889
7472.7778
7665.5556
8276.6667
7731.6667
8008.6111
8362.2222
7716.6667
7733.3333
8366.6667
7767.5000
7810.5556
7516.6667
8055.5556
8113.3333
7947.5000
7768.0556
8336.1111
7598.3333
7979.7222
7670.8333
7550.2778
7450.0000
7466.6667
7675.2778
7494.4444
7517.5000
7751.1111
8146.6667
7527.5000
8038.3333
7666.1111
8209.4444
7791.9444
8382.2222
7574.7222
7770.5556
8338.3333
8441.9444
7464.4444
7683.0556
7611.1111
7656.6667
7553.0556
7562.7778
7782.2222
7696.3889
7741.9444
7920.8333
7471.1111
7609.7222
7487.5000
7807.2222
8441.9444
7907.2222
7949.4444
7450.0000
7616.6667
8291.6667
7808.6111
7626.3889
7534.7222
7593.6111
7839.4444
7551.1111
7667.5000
7901.6667
8380.8333
7640.5556
7694.1667
7741.1111
7571.9444
8243.3333
7591.9444
7620.2778
7669.4444
8128.3333
7466.6667
8340.5556
7433.3333
7616.6667
7733.3333
8500.0000
7663.6111
8359.1667
7637.2222
7848.6111
7725.5556
7486.9444
7501.3889
7569.1667
8391.1111
7472.7778
7576.1111
7871.1111
7416.6667
7475.2778
7441.3889
7530.2778
7612.5000
7958.3333
8338.8889
7706.3889
7416.3889
7589.7222
7937.7778
7773.8889
8519.4444
7526.9444
8260.0000
8380.5556
7444.4444
8501.3889
7412.5000
7533.8889
7561.1111
7866.6667
7527.2222
7837.7778
8241.9444
8431.1111
7683.8889
8502.5000
7586.9444
8262.2222
8431.3889
7541.9444
7479.1667
7431.1111
7772.2222
7519.1667
7730.0000
7460.8333
8290.8333
7484.4444
7766.6667
7842.7778
7804.7222
7723.0556
7537.5000
7470.5556
8100.0000
8383.3333
7796.3889
7592.7778
7404.4444
7683.3333
8317.7778
7583.3333
7476.1111
8260.8333
8271.1111
7686.6667
7388.6111
7497.5000
7779.1667
7882.7778
7633.3333
8400.0000
7588.3333
7721.6667
7506.9444
7428.3333
7485.8333
7382.2222
7738.3333
8268.3333
7656.6667
8191.9444
7873.6111
7670.5556
7816.3889
7400.0000
8231.9444
7386.6667
7742.2222
7598.0556
7313.3333
7496.1111
7461.6667
7638.0556
7706.1111
7730.8333
7348.8889
7628.6111
7492.7778
8300.2778
7385.0000
7520.2778
7429.1667
7321.1111
7266.6667
7480.5556
7529.7222
7686.1111
7482.7778
7671.6667
7597.2222
8272.2222
7613.8889
7638.8889
7488.6111
7306.1111
7277.5000
8133.3333
8289.4444
8096.3889
7247.7778
7305.0000
7698.8889
7474.1667
7238.6111
8266.6667
7435.2778
7540.2778
8098.3333
7858.3333
7816.6667
8133.3333
7672.7778
8263.6111
8135.8333
7252.2222
7660.2778
7212.5000
7808.8889
8106.9444
7451.1111
7200.0000
7516.6667
7900.0000
8133.3333
8150.0000
8283.3333
8136.9444
7397.7778
7425.8333
8109.7222
7588.3333
8164.7222
7811.3889
7869.4444
7913.0556
7716.6667
8017.7778
7847.7778
7408.6111
7166.6667
7200.0000
7450.0000
7566.6667
7650.0000
8066.6667
8100.0000
7702.2222
7227.5000
7833.6111
7852.2222
7915.5556
8077.7778
8222.2222
7187.5000
7980.8333
8115.5556
8280.0000
7564.4444
7166.3889
7696.3889
8186.6667
7425.5556
7968.3333
7287.2222
8055.5556
7331.9444
7948.8889
7116.6667
7444.7222
7716.6667
7202.5000
7826.3889
7426.6667
7751.1111
7976.6667
7599.1667
7804.7222
7662.5000
7590.0000
7432.5000
7471.9444
7920.2778
7403.6111
7772.5000
7977.7778
7100.0000
7166.6667
7321.9444
7497.2222
7736.6667
7916.6667
7580.8333
7902.7778
7797.7778
7237.2222
7164.1667
7929.4444
7406.9444
7643.3333
7692.7778
7050.0000
7683.3333
7700.0000
7750.0000
7766.6667
7966.6667
7659.4444
7623.6111
7732.7778
7823.6111
7418.8889
7530.2778
7742.7778
7254.4444
7396.9444
7725.2778
7852.2222
7493.6111
7961.3889
7830.0000
6983.3333
7516.6667
7616.6667
7683.3333
8000.0000
7527.2222
7281.6667
7053.3333
7517.2222
7847.7778
6986.1111
7781.9444
7258.8889
7393.8889
7518.8889
7412.2222
7814.7222
6933.3333
7274.4444
7623.0556
7148.6111
7699.7222
7851.3889
7403.3333
7456.6667
7276.3889
6983.3333
7083.3333
7150.0000
7154.4444
7795.2778
7383.0556
7737.7778
7516.1111
7229.1667
7795.8333
7742.5000
7407.7778
7085.8333
7370.5556
7434.7222
7664.4444
7005.5556
7066.6667
7150.0000
7200.0000
7266.6667
7149.7222
7515.8333
7624.4444
7025.5556
8206.1111
7358.8889
7423.8889
7668.6111
7198.3333
7133.8889
7487.2222
7428.6111
8225.8333
7416.6667
7500.0000
7054.1667
7081.6667
7652.5000
7173.3333
7640.5556
7317.2222
7424.4444
7464.4444
7236.9444
7344.1667
7314.4444
7499.1667
7226.9444
7166.6667
7400.0000
7212.5000
7369.1667
7220.2778
7310.5556
7336.1111
7150.0000
7266.6667
7317.7778
7337.7778
7163.8889
7339.7222
7311.6667
7276.6667
7297.7778
7166.6667
7183.3333
7200.2778
7309.7222
7299.4444
7182.5000
7285.2778
7314.4444
7306.3889
7345.0000
7333.3333
7311.6667
7337.5000
7370.5556