51445.0000
51455.2778
51462.2222
51466.6667
51468.6111
51470.0000
51472.7778
51481.9444
51483.3333
51483.3333
51483.6111
51486.3889
51487.7778
51493.8889
51495.5556
51499.1667
51500.8333
51500.8333
51505.8333
51511.3889
51513.3333
51513.6111
51515.8333
51519.7222
51520.8333
51522.2222
51522.7778
51524.4444
51526.3889
51530.2778
51531.9444
51533.3333
51533.3333
51535.2778
51536.6667
51537.7778
51538.6111
51540.5556
51543.8889
51550.0000
51550.0000
51550.0000
51550.0000
51550.0000
51550.0000
51551.9444
51553.3333
51554.4444
51555.2778
51557.7778
51561.9444
51563.8889
51564.4444
51566.6667
51566.6667
51567.5000
51569.7222
51571.3889
51571.6667
51571.9444
51572.7778
51573.0556
51573.3333
51577.5000
51577.5000
51577.7778
51580.5556
51582.2222
51583.3333
51583.3333
51583.6111
51583.6111
51583.8889
51584.7222
51585.0000
51586.3889
51587.2222
51587.5000
51590.5556
51591.3889
51592.2222
51592.5000
51595.2778
51597.2222
51598.8889
51600.0000
51600.8333
51601.3889
51601.9444
51603.3333
51603.6111
51603.6111
51605.0000
51605.5556
51605.8333
51605.8333
51606.1111
51606.1111
51606.3889
51607.2222
51608.0556
51608.3333
51608.6111
51610.2778
51610.2778
51611.1111
51612.2222
51612.7778
51613.0556
51614.1667
51615.0000
51616.3889
51616.6667
51616.6667
51616.9444
51617.2222
51619.4444
51620.5556
51621.6667
51622.7778
51623.0556
51623.0556
51627.5000
51629.1667
51631.3889
51631.3889
51631.9444
51632.7778
51633.0556
51633.3333
51634.1667
51634.7222
51634.7222
51635.0000
51635.2778
51635.5556
51635.8333
51638.8889
51639.4444
51639.4444
51639.4444
51640.2778
51641.9444
51642.2222
51643.3333
51644.7222
51645.2778
51645.5556
51646.3889
51646.6667
51646.6667
51646.6667
51646.9444
51647.7778
51648.8889
51650.0000
51650.0000
51650.0000
51650.0000
51650.5556
51650.8333
51652.2222
51653.8889
51654.4444
51654.7222
51656.6667
51656.6667
51657.7778
51658.8889
51659.4444
51660.0000
51660.0000
51661.1111
51662.5000
51663.0556
51664.1667
51666.6667
51666.6667
51667.7778
51667.7778
51668.6111
51670.5556
51671.6667
51672.2222
51674.4444
51675.0000
51675.0000
51675.2778
51675.5556
51675.5556
51676.1111
51676.9444
51677.2222
51677.5000
51677.7778
51679.4444
51681.9444
51682.5000
51682.5000
51682.5000
51683.3333
51683.3333
51683.3333
51683.6111
51684.4444
51685.0000
51685.0000
51686.1111
51687.7778
51687.7778
51688.3333
51689.1667
51689.7222
51690.8333
51691.6667
51691.6667
51691.9444
51692.2222
51692.7778
51693.6111
51693.6111
51694.1667
51695.5556
51695.8333
51700.0000
51700.8333
51700.8333
51701.6667
51701.9444
51703.3333
51704.7222
51705.5556
51706.1111
51706.3889
51706.3889
51706.9444
51707.2222
51707.5000
51707.7778
51708.6111
51709.4444
51711.9444
51712.7778
51713.3333
51716.6667
51716.6667
51716.6667
51717.5000
51718.3333
51719.1667
51720.2778
51724.4444
51724.7222
51724.7222
51725.2778
51725.2778
51727.2222
51727.5000
51727.7778
51728.3333
51731.1111
51732.2222
51733.0556
51735.0000
51735.8333
51736.6667
51736.6667
51736.9444
51738.8889
51740.2778
51740.2778
51740.5556
51741.3889
51741.6667
51741.6667
51743.0556
51743.3333
51743.6111
51744.1667
51744.4444
51745.5556
51745.8333
51746.1111
51746.9444
51747.2222
51748.6111
51750.0000
51750.0000
51753.8889
51754.4444
51755.2778
51756.3889
51756.3889
51756.6667
51756.9444
51757.2222
51757.5000
51758.6111
51759.1667
51760.0000
51760.2778
51760.5556
51761.3889
51761.3889
51762.5000
51762.7778
51763.0556
51763.3333
51764.4444
51764.7222
51764.7222
51765.2778
51765.2778
51765.2778
51765.5556
51765.8333
51766.6667
51766.6667
51766.6667
51767.2222
51768.0556
51770.0000
51771.1111
51771.6667
51772.5000
51772.7778
51774.7222
51776.1111
51776.3889
51776.6667
51776.9444
51777.5000
51778.8889
51779.1667
51780.2778
51780.5556
51781.1111
51781.3889
51781.9444
51782.2222
51783.3333
51783.3333
51783.6111
51784.4444
51784.7222
51785.0000
51785.5556
51786.1111
51786.3889
51788.6111
51788.6111
51789.4444
51789.7222
51790.0000
51790.5556
51791.1111
51792.2222
51792.5000
51792.7778
51792.7778
51793.0556
51795.5556
51796.1111
51796.9444
51797.5000
51797.5000
51797.7778
51798.3333
51798.6111
51800.0000
51800.0000
51801.1111
51801.9444
51802.5000
51805.8333
51806.3889
51806.9444
51806.9444
51807.2222
51807.5000
51807.5000
51807.7778
51808.0556
51808.3333
51811.3889
51811.6667
51811.6667
51813.0556
51814.1667
51814.4444
51815.0000
51815.2778
51815.8333
51816.6667
51818.0556
51818.6111
51819.1667
51819.4444
51819.7222
51819.7222
51820.2778
51820.8333
51821.6667
51821.6667
51822.5000
51823.6111
51823.8889
51824.1667
51824.4444
51824.7222
51824.7222
51825.2778
51826.3889
51826.6667
51826.9444
51827.5000
51828.0556
51828.3333
51829.4444
51829.7222
51830.5556
51830.5556
51830.5556
51832.5000
51832.5000
51833.3333
51833.3333
51833.3333
51833.3333
51833.3333
51833.3333
51833.3333
51833.8889
51834.4444
51835.2778
51835.2778
51836.3889
51837.2222
51838.6111
51838.8889
51839.1667
51841.6667
51842.2222
51842.7778
51843.8889
51843.8889
51844.1667
51845.0000
51845.5556
51846.1111
51846.3889
51846.6667
51846.6667
51847.7778
51847.7778
51848.0556
51848.0556
51848.6111
51849.7222
51850.0000
51850.0000
51850.0000
51850.0000
51850.0000
51850.5556
51850.8333
51851.3889
51851.3889
51851.3889
51851.9444
51852.7778
51853.0556
51853.3333
51853.8889
51854.4444
51854.7222
51855.5556
51855.8333
51855.8333
51856.1111
51856.6667
51856.9444
51857.2222
51857.2222
51857.7778
51858.3333
51858.3333
51858.6111
51858.8889
51859.1667
51859.4444
51860.0000
51861.1111
51861.3889
51861.6667
51861.6667
51862.2222
51862.5000
51862.7778
51863.0556
51863.0556
51863.0556
51863.3333
51863.3333
51863.8889
51864.7222
51865.0000
51865.8333
51865.8333
51865.8333
51866.1111
51866.6667
51866.6667
51866.6667
51866.6667
51866.6667
51866.6667
51866.6667
51866.6667
51866.6667
51866.6667
51867.5000
51868.0556
51868.0556
51868.0556
51868.6111
51868.6111
51869.4444
51869.4444
51869.7222
51870.0000
51870.2778
51870.8333
51870.8333
51871.1111
51871.1111
51871.3889
51872.5000
51872.7778
51873.3333
51873.6111
51873.8889
51873.8889
51874.4444
51874.4444
51874.4444
51874.4444
51874.7222
51875.5556
51875.5556
51875.5556
51875.8333
51876.6667
51877.2222
51877.2222
51877.5000
51877.5000
51877.7778
51877.7778
51877.7778
51878.0556
51878.3333
51878.6111
51879.1667
51879.7222
51880.2778
51880.5556
51880.8333
51881.1111
51881.3889
51881.6667
51881.9444
51881.9444
51882.2222
51882.7778
51882.7778
51883.0556
51883.0556
51883.3333
51883.3333
51883.3333
51883.3333
51883.6111
51883.6111
51884.4444
51885.0000
51885.5556
51885.8333
51886.1111
51886.1111
51886.3889
51886.9444
51888.0556
51888.8889
51888.8889
51890.0000
51890.2778
51890.2778
51890.8333
51891.6667
51892.2222
51893.0556
51893.0556
51893.3333
51893.3333
51895.0000
51895.2778
51895.5556
51896.1111
51896.1111
51896.9444
51896.9444
51896.9444
51897.7778
51898.0556
51898.6111
51899.4444
51900.0000
51900.0000
51900.0000
51900.0000
51900.0000
51900.0000
51900.0000
51900.0000
51900.0000
51900.0000
51900.0000
51900.2778
51900.5556
51900.5556
51900.8333
51901.3889
51901.9444
51901.9444
51904.1667
51904.4444
51905.5556
51905.8333
51906.1111
51907.5000
51907.5000
51907.7778
51908.3333
51908.3333
51908.8889
51908.8889
51908.8889
51908.8889
51909.1667
51909.4444
51910.0000
51910.2778
51910.2778
51910.2778
51910.5556
51911.1111
51913.0556
51913.6111
51913.6111
51913.6111
51914.4444
51915.8333
51916.1111
51916.1111
51916.3889
51916.6667
51916.6667
51916.6667
51916.6667
51916.6667
51916.6667
51916.6667
51916.6667
51917.2222
51917.2222
51917.5000
51918.0556
51918.8889
51919.7222
51920.8333
51921.1111
51921.1111
51921.9444
51921.9444
51922.2222
51922.7778
51923.3333
51924.7222
51924.7222
51925.5556
51926.3889
51926.3889
51926.6667
51926.9444
51926.9444
51927.2222
51927.7778
51928.3333
51929.4444
51929.4444
51929.7222
51930.2778
51930.8333
51931.3889
51932.2222
51932.2222
51932.2222
51933.3333
51933.3333
51933.3333
51933.3333
51933.3333
51933.3333
51933.3333
51933.3333
51933.6111
51933.6111
51933.8889
51934.1667
51934.4444
51934.7222
51935.0000
51935.5556
51936.3889
51936.6667
51936.6667
51936.9444
51937.5000
51938.3333
51939.1667
51939.4444
51940.2778
51940.5556
51941.1111
51941.3889
51942.2222
51942.2222
51943.0556
51946.1111
51947.2222
51948.6111
51948.8889
51949.1667
51950.0000
51950.0000
51950.0000
51950.0000
51950.0000
51950.2778
51950.5556
51951.9444
51952.7778
51953.8889
51955.2778
51955.2778
51956.1111
51956.3889
51956.6667
51956.9444
51958.0556
51958.3333
51958.6111
51959.1667
51959.4444
51960.0000
51961.1111
51961.3889
51961.3889
51961.9444
51962.2222
51962.2222
51962.5000
51962.7778
51963.0556
51963.3333
51963.8889
51963.8889
51964.7222
51965.0000
51965.0000
51965.5556
51966.3889
51966.6667
51966.6667
51966.6667
51966.6667
51966.6667
51966.6667
51967.7778
51967.7778
51968.3333
51968.8889
51969.7222
51970.0000
51971.3889
51971.6667
51972.2222
51972.2222
51972.2222
51972.7778
51973.0556
51973.3333
51973.3333
51974.1667
51974.1667
51974.4444
51974.7222
51975.2778
51975.5556
51975.8333
51976.3889
51976.9444
51977.5000
51977.7778
51979.1667
51979.1667
51980.5556
51980.5556
51980.8333
51981.1111
51981.1111
51981.3889
51981.6667
51981.6667
51982.2222
51982.7778
51983.0556
51983.3333
51983.3333
51983.3333
51983.3333
51983.3333
51983.6111
51986.3889
51986.3889
51986.9444
51987.2222
51987.2222
51987.2222
51988.3333
51988.6111
51988.6111
51989.7222
51990.5556
51990.5556
51991.3889
51991.3889
51991.6667
51991.6667
51991.6667
51992.7778
51993.6111
51993.6111
51994.4444
51994.7222
51995.2778
51995.2778
51995.2778
51997.7778
51998.0556
51998.3333
51998.6111
51998.6111
51998.8889
51999.7222
52001.1111
52001.9444
52002.2222
52003.0556
52004.4444
52004.7222
52006.1111
52006.9444
52007.2222
52007.5000
52008.0556
52008.0556
52008.8889
52009.7222
52009.7222
52010.2778
52010.8333
52011.3889
52011.3889
52012.2222
52013.3333
52013.3333
52013.8889
52014.1667
52014.1667
52014.7222
52015.5556
52015.5556
52016.6667
52016.6667
52016.6667
52017.2222
52017.2222
52017.7778
52018.8889
52019.1667
52020.5556
52022.2222
52023.0556
52025.5556
52027.2222
52027.2222
52027.5000
52028.8889
52028.8889
52029.4444
52029.7222
52030.0000
52030.0000
52030.5556
52030.8333
52031.1111
52031.6667
52031.6667
52032.7778
52033.0556
52033.3333
52033.3333
52033.3333
52034.4444
52034.7222
52035.2778
52035.2778
52035.5556
52035.8333
52037.5000
52038.3333
52040.0000
52040.0000
52040.2778
52040.2778
52041.1111
52041.3889
52041.3889
52042.2222
52042.2222
52042.5000
52043.8889
52044.4444
52045.0000
52046.1111
52047.5000
52047.7778
52048.0556
52048.3333
52048.3333
52048.6111
52048.6111
52048.8889
52049.1667
52049.4444
52049.7222
52050.0000
52050.0000
52050.0000
52050.0000
52050.0000
52050.0000
52050.0000
52050.0000
52050.2778
52050.2778
52051.3889
52051.9444
52051.9444
52053.6111
52054.1667
52054.1667
52054.4444
52054.4444
52054.7222
52055.8333
52055.8333
52056.1111
52056.9444
52057.7778
52058.0556
52058.6111
52058.8889
52059.1667
52059.4444
52059.4444
52061.9444
52062.2222
52062.5000
52062.7778
52063.0556
52063.3333
52063.6111
52064.1667
52065.0000
52066.6667
52066.6667
52066.6667
52066.6667
52066.6667
52066.6667
52066.6667
52066.6667
52066.6667
52066.6667
52066.6667
52066.6667
52067.7778
52068.3333
52068.6111
52068.8889
52070.0000
52070.0000
52070.8333
52071.3889
52071.6667
52072.2222
52072.7778
52073.0556
52073.3333
52075.0000
52075.0000
52076.1111
52076.6667
52076.9444
52077.5000
52078.6111
52078.8889
52078.8889
52079.1667
52079.4444
52079.4444
52079.7222
52079.7222
52080.0000
52080.2778
52081.1111
52081.3889
52081.6667
52082.2222
52082.5000
52082.5000
52083.3333
52083.3333
52083.3333
52083.3333
52083.3333
52084.1667
52084.4444
52085.0000
52085.2778
52086.1111
52086.1111
52086.3889
52086.9444
52087.2222
52087.5000
52088.0556
52088.6111
52088.8889
52089.7222
52089.7222
52089.7222
52090.8333
52091.1111
52091.3889
52092.7778
52092.7778
52092.7778
52093.0556
52093.0556
52093.6111
52093.8889
52094.1667
52094.4444
52094.7222
52095.0000
52095.2778
52095.8333
52095.8333
52095.8333
52097.2222
52097.5000
52098.0556
52098.6111
52099.4444
52099.7222
52100.0000
52100.0000
52100.0000
52100.0000
52100.0000
52101.1111
52101.9444
52101.9444
52103.0556
52103.6111
52103.8889
52104.1667
52104.1667
52104.7222
52104.7222
52105.2778
52106.6667
52107.7778
52108.0556
52108.3333
52108.3333
52108.3333
52108.8889
52108.8889
52109.4444
52109.4444
52110.5556
52110.5556
52111.1111
52111.6667
52111.9444
52112.2222
52112.7778
52112.7778
52113.3333
52113.3333
52113.3333
52113.6111
52116.1111
52116.1111
52116.6667
52116.6667
52116.6667
52116.6667
52116.6667
52116.6667
52116.6667
52116.6667
52116.6667
52116.6667
52116.6667
52116.6667
52116.6667
52116.9444
52117.2222
52117.5000
52117.7778
52119.1667
52120.2778
52120.5556
52121.3889
52121.6667
52122.5000
52122.7778
52123.0556
52123.0556
52123.8889
52125.0000
52125.0000
52125.2778
52125.2778
52126.1111
52126.1111
52126.3889
52126.6667
52126.9444
52127.2222
52127.7778
52128.3333
52128.6111
52129.1667
52129.1667
52129.4444
52130.0000
52131.1111
52131.3889
52131.3889
52131.6667
52132.2222
52132.5000
52132.5000
52133.0556
52133.3333
52133.3333
52133.3333
52133.3333
52133.3333
52133.3333
52133.3333
52133.3333
52133.3333
52133.3333
52133.3333
52133.8889
52133.8889
52134.4444
52135.2778
52135.2778
52135.8333
52135.8333
52136.1111
52136.1111
52136.3889
52136.6667
52136.6667
52137.2222
52138.0556
52138.0556
52138.3333
52138.3333
52139.1667
52139.4444
52139.7222
52139.7222
52140.0000
52140.2778
52140.8333
52140.8333
52141.1111
52141.1111
52141.1111
52141.1111
52141.3889
52141.6667
52141.6667
52141.9444
52141.9444
52142.5000
52142.5000
52142.5000
52144.1667
52144.4444
52145.2778
52145.2778
52145.2778
52145.8333
52146.1111
52146.1111
52146.3889
52146.3889
52146.3889
52146.6667
52147.2222
52147.2222
52147.7778
52148.6111
52148.8889
52148.8889
52148.8889
52149.4444
52149.7222
52149.7222
52150.0000
52150.0000
52150.0000
52150.0000
52150.0000
52150.0000
52150.0000
52150.0000
52150.0000
52150.0000
52150.0000
52150.0000
52150.5556
52150.5556
52150.8333
52151.1111
52151.3889
52151.3889
52151.6667
52151.6667
52151.6667
52151.6667
52151.6667
52151.9444
52151.9444
52152.7778
52153.6111
52154.1667
52154.1667
52155.0000
52155.0000
52155.2778
52155.2778
52155.2778
52155.5556
52155.5556
52155.5556
52155.5556
52155.5556
52156.1111
52156.6667
52157.2222
52157.5000
52157.5000
52157.5000
52157.5000
52157.5000
52158.0556
52158.3333
52158.3333
52158.6111
52158.8889
52159.1667
52159.7222
52159.7222
52160.0000
52160.2778
52160.5556
52161.1111
52161.1111
52161.6667
52162.5000
52162.5000
52162.5000
52162.7778
52162.7778
52163.6111
52163.6111
52163.8889
52163.8889
52164.1667
52164.1667
52164.4444
52165.0000
52165.2778
52166.1111
52166.1111
52166.6667
52166.6667
52166.6667
52166.6667
52166.6667
52166.6667
52166.6667
52166.6667
52166.6667
52166.6667
52166.6667
52166.6667
52166.6667
52166.9444
52168.0556
52168.3333
52168.6111
52169.4444
52169.4444
52169.7222
52169.7222
52169.7222
52170.0000
52170.0000
52170.2778
52170.5556
52170.5556
52170.8333
52170.8333
52171.3889
52171.6667
52171.9444
52172.5000
52173.3333
52173.3333
52173.3333
52173.6111
52173.8889
52174.4444
52174.4444
52174.4444
52174.7222
52175.0000
52175.5556
52176.1111
52176.1111
52176.1111
52176.3889
52177.2222
52177.2222
52178.6111
52179.1667
52179.1667
52179.1667
52179.1667
52179.4444
52179.4444
52179.7222
52180.5556
52181.1111
52181.3889
52181.3889
52181.9444
52182.2222
52182.5000
52182.7778
52183.3333
52183.3333
52183.3333
52183.3333
52183.3333
52183.3333
52183.3333
52183.3333
52183.3333
52183.3333
52183.3333
52184.4444
52184.7222
52184.7222
52184.7222
52184.7222
52184.7222
52184.7222
52185.0000
52185.2778
52186.6667
52186.6667
52186.9444
52187.5000
52187.7778
52188.0556
52188.0556
52189.1667
52189.1667
52190.5556
52190.5556
52190.5556
52190.5556
52190.8333
52191.6667
52191.6667
52191.6667
52192.5000
52193.0556
52193.8889
52194.1667
52194.4444
52194.7222
52195.2778
52195.5556
52196.1111
52196.1111
52196.6667
52196.6667
52196.6667
52196.6667
52196.9444
52197.2222
52197.5000
52198.3333
52198.6111
52198.6111
52198.8889
52199.4444
52199.7222
52199.7222
52200.0000
52200.0000
52200.0000
52200.0000
52200.0000
52200.0000
52200.2778
52200.5556
52200.8333
52200.8333
52201.1111
52201.3889
52202.2222
52202.2222
52202.2222
52202.5000
52202.7778
52203.0556
52203.3333
52203.3333
52203.6111
52203.6111
52204.4444
52204.7222
52204.7222
52205.2778
52205.8333
52205.8333
52205.8333
52206.1111
52206.3889
52206.9444
52206.9444
52207.5000
52207.7778
52208.0556
52208.3333
52208.3333
52208.3333
52208.3333
52209.1667
52209.4444
52209.7222
52210.0000
52210.2778
52210.8333
52211.1111
52211.1111
52211.3889
52211.6667
52211.9444
52211.9444
52213.0556
52213.3333
52213.8889
52214.7222
52215.2778
52215.8333
52216.1111
52216.1111
52216.3889
52216.6667
52216.6667
52216.6667
52216.6667
52216.6667
52216.6667
52216.9444
52217.2222
52217.2222
52217.7778
52217.7778
52217.7778
52218.0556
52218.8889
52219.1667
52219.1667
52219.7222
52220.2778
52220.2778
52220.8333
52221.3889
52221.6667
52221.9444
52221.9444
52222.2222
52222.5000
52223.3333
52223.8889
52224.1667
52224.4444
52225.2778
52225.2778
52225.2778
52225.2778
52225.5556
52226.6667
52226.9444
52226.9444
52228.0556
52228.0556
52228.0556
52228.8889
52229.1667
52229.4444
52229.7222
52230.0000
52230.2778
52230.5556
52230.8333
52231.6667
52232.2222
52232.2222
52233.3333
52233.3333
52233.3333
52233.3333
52233.3333
52233.3333
52233.3333
52233.3333
52234.1667
52234.4444
52234.7222
52235.2778
52235.8333
52236.1111
52236.3889
52236.3889
52236.6667
52237.2222
52238.3333
52238.8889
52239.1667
52239.4444
52239.7222
52239.7222
52239.7222
52240.2778
52240.2778
52240.2778
52240.2778
52240.5556
52240.8333
52241.1111
52241.1111
52241.1111
52241.3889
52241.6667
52241.6667
52241.9444
52241.9444
52241.9444
52242.2222
52242.5000
52242.7778
52242.7778
52242.7778
52242.7778
52243.0556
52243.0556
52243.0556
52243.3333
52243.3333
52243.6111
52243.8889
52245.0000
52245.5556
52245.8333
52246.1111
52246.3889
52247.2222
52247.2222
52247.2222
52247.5000
52248.3333
52248.8889
52248.8889
52249.4444
52249.4444
52249.7222
52250.0000
52250.0000
52250.0000
52250.0000
52250.2778
52250.5556
52250.8333
52251.6667
52251.9444
52252.5000
52252.7778
52252.7778
52253.0556
52253.8889
52254.4444
52255.5556
52255.5556
52256.1111
52256.3889
52256.3889
52256.6667
52256.9444
52256.9444
52256.9444
52257.5000
52258.0556
52258.3333
52258.8889
52258.8889
52259.1667
52259.4444
52259.4444
52260.0000
52260.0000
52260.0000
52260.0000
52260.0000
52260.2778
52260.2778
52261.9444
52261.9444
52262.5000
52263.3333
52264.4444
52264.4444
52264.7222
52264.7222
52264.7222
52264.7222
52265.8333
52265.8333
52266.6667
52266.6667
52266.6667
52266.6667
52266.6667
52266.6667
52266.6667
52266.6667
52266.6667
52266.9444
52267.2222
52267.2222
52267.5000
52268.0556
52268.0556
52268.3333
52268.8889
52269.1667
52269.1667
52270.0000
52270.5556
52270.5556
52270.8333
52270.8333
52271.3889
52271.3889
52271.6667
52271.6667
52271.6667
52272.2222
52272.5000
52272.7778
52273.0556
52273.6111
52274.1667
52274.4444
52274.4444
52274.7222
52274.7222
52275.0000
52275.2778
52275.8333
52275.8333
52275.8333
52276.1111
52276.1111
52276.9444
52277.5000
52277.5000
52277.7778
52278.3333
52278.3333
52278.3333
52278.6111
52278.6111
52278.8889
52279.1667
52279.1667
52279.1667
52279.4444
52279.4444
52279.7222
52280.0000
52280.2778
52280.5556
52280.5556
52280.5556
52280.8333
52280.8333
52281.1111
52281.6667
52282.2222
52282.5000
52282.7778
52283.0556
52283.3333
52283.3333
52283.3333
52283.3333
52283.3333
52284.1667
52284.1667
52284.7222
52284.7222
52285.0000
52285.2778
52285.8333
52285.8333
52286.3889
52286.6667
52287.2222
52287.2222
52288.3333
52288.3333
52288.6111
52288.6111
52288.8889
52288.8889
52289.1667
52289.1667
52289.1667
52289.4444
52289.7222
52290.2778
52290.2778
52290.5556
52290.5556
52291.6667
52291.6667
52291.6667
52291.9444
52292.2222
52292.2222
52292.5000
52292.7778
52293.8889
52294.1667
52294.4444
52294.7222
52296.1111
52296.9444
52296.9444
52297.5000
52298.0556
52299.4444
52300.0000
52300.0000
52300.0000
52300.0000
52300.0000
52300.0000
52300.0000
52300.2778
52300.2778
52300.5556
52300.8333
52302.2222
52302.7778
52302.7778
52303.0556
52303.6111
52303.6111
52304.1667
52304.4444
52304.4444
52304.7222
52305.0000
52306.1111
52306.3889
52306.3889
52306.6667
52306.6667
52306.6667
52306.9444
52307.2222
52307.5000
52307.5000
52308.0556
52308.3333
52308.6111
52308.6111
52309.1667
52309.1667
52309.4444
52309.7222
52310.0000
52310.5556
52310.8333
52310.8333
52311.1111
52311.1111
52311.6667
52311.6667
52313.3333
52314.7222
52314.7222
52315.0000
52315.0000
52315.0000
52316.1111
52316.6667
52316.6667
52316.6667
52316.6667
52316.6667
52316.9444
52316.9444
52317.2222
52317.5000
52317.7778
52317.7778
52318.3333
52318.3333
52318.3333
52318.3333
52318.3333
52318.3333
52318.8889
52319.4444
52319.4444
52319.7222
52320.2778
52320.5556
52321.1111
52321.1111
52321.3889
52321.3889
52321.6667
52321.6667
52322.5000
52323.3333
52324.4444
52324.4444
52324.7222
52324.7222
52325.0000
52325.8333
52326.3889
52326.6667
52326.6667
52326.9444
52327.2222
52328.3333
52330.0000
52331.1111
52331.3889
52331.6667
52332.7778
52333.0556
52333.3333
52333.3333
52333.3333
52333.3333
52333.3333
52333.3333
52333.3333
52333.6111
52333.8889
52334.1667
52334.1667
52334.1667
52334.1667
52334.4444
52335.0000
52335.5556
52335.8333
52336.3889
52337.2222
52337.7778
52337.7778
52337.7778
52338.3333
52338.3333
52338.6111
52339.4444
52340.0000
52340.2778
52340.5556
52341.1111
52342.2222
52342.7778
52343.0556
52344.4444
52344.7222
52344.7222
52345.5556
52345.8333
52345.8333
52346.3889
52346.3889
52347.2222
52347.5000
52347.5000
52347.7778
52347.7778
52348.8889
52349.1667
52350.0000
52350.0000
52350.0000
52350.0000
52350.0000
52350.0000
52350.0000
52350.0000
52350.0000
52350.0000
52351.3889
52351.3889
52351.6667
52351.9444
52352.2222
52352.5000
52352.7778
52353.0556
52353.0556
52353.3333
52353.6111
52353.6111
52353.8889
52354.7222
52354.7222
52355.0000
52355.0000
52355.0000
52355.8333
52355.8333
52356.3889
52356.6667
52357.5000
52358.0556
52358.3333
52358.8889
52359.7222
52360.2778
52360.2778
52361.3889
52361.6667
52361.6667
52361.6667
52362.2222
52363.3333
52363.6111
52363.8889
52364.1667
52364.4444
52364.7222
52364.7222
52365.8333
52366.1111
52366.1111
52366.6667
52366.6667
52366.6667
52366.6667
52366.6667
52366.9444
52367.2222
52367.7778
52368.0556
52368.3333
52368.8889
52369.1667
52369.4444
52369.4444
52370.8333
52370.8333
52371.3889
52371.9444
52372.5000
52373.0556
52373.0556
52373.3333
52373.3333
52373.6111
52373.8889
52373.8889
52374.4444
52374.4444
52375.2778
52376.1111
52376.1111
52376.9444
52378.0556
52378.0556
52378.0556
52378.3333
52379.1667
52379.4444
52380.0000
52380.2778
52380.5556
52380.8333
52381.3889
52381.3889
52382.5000
52382.7778
52383.3333
52383.3333
52383.8889
52383.8889
52384.1667
52384.4444
52384.4444
52384.7222
52384.7222
52384.7222
52385.0000
52385.0000
52385.0000
52385.8333
52386.3889
52386.3889
52386.6667
52387.2222
52387.5000
52387.7778
52388.0556
52388.3333
52388.6111
52388.6111
52388.8889
52389.1667
52390.5556
52391.1111
52391.6667
52391.9444
52392.5000
52392.5000
52392.7778
52393.0556
52393.3333
52393.6111
52394.1667
52394.1667
52394.1667
52395.0000
52395.0000
52395.2778
52395.5556
52396.1111
52396.1111
52396.3889
52396.6667
52396.9444
52397.2222
52398.8889
52399.1667
52399.1667
52399.7222
52400.0000
52400.0000
52400.0000
52400.0000
52400.0000
52400.0000
52400.0000
52400.2778
52400.8333
52401.1111
52401.3889
52401.3889
52401.6667
52401.6667
52403.3333
52403.3333
52404.1667
52404.4444
52405.0000
52405.0000
52405.5556
52405.5556
52406.1111
52406.1111
52407.2222
52407.5000
52407.5000
52408.6111
52409.4444
52409.7222
52410.2778
52410.5556
52411.3889
52411.3889
52411.6667
52412.5000
52412.7778
52412.7778
52412.7778
52412.7778
52413.3333
52413.6111
52414.7222
52415.0000
52415.0000
52415.2778
52415.2778
52416.6667
52416.6667
52416.6667
52416.9444
52416.9444
52417.2222
52417.5000
52417.5000
52417.7778
52417.7778
52418.0556
52418.3333
52418.6111
52420.8333
52420.8333
52421.3889
52421.9444
52421.9444
52421.9444
52421.9444
52422.7778
52423.6111
52424.1667
52424.1667
52425.2778
52425.2778
52425.2778
52425.5556
52426.3889
52426.6667
52427.5000
52428.0556
52428.0556
52428.3333
52429.1667
52429.1667
52429.7222
52430.0000
52430.8333
52430.8333
52431.1111
52431.3889
52431.6667
52432.2222
52433.3333
52433.3333
52434.1667
52434.4444
52434.7222
52435.0000
52435.2778
52435.8333
52436.3889
52436.9444
52438.6111
52438.6111
52438.8889
52439.1667
52439.7222
52440.0000
52440.0000
52440.0000
52441.1111
52441.3889
52441.6667
52441.6667
52442.2222
52442.7778
52442.7778
52443.6111
52445.8333
52446.1111
52446.1111
52446.3889
52446.6667
52446.9444
52447.2222
52448.0556
52448.3333
52449.1667
52449.7222
52449.7222
52449.7222
52450.0000
52450.0000
52450.2778
52450.2778
52450.8333
52451.3889
52451.9444
52451.9444
52451.9444
52451.9444
52452.5000
52452.5000
52453.0556
52453.6111
52454.7222
52455.2778
52455.5556
52456.3889
52456.3889
52456.9444
52457.2222
52457.7778
52458.0556
52458.6111
52459.4444
52459.7222
52460.5556
52461.1111
52461.1111
52461.6667
52461.9444
52461.9444
52461.9444
52463.0556
52463.3333
52463.8889
52464.4444
52464.7222
52465.5556
52465.5556
52465.5556
52466.3889
52466.6667
52466.6667
52466.6667
52466.6667
52466.6667
52466.9444
52466.9444
52467.2222
52467.5000
52467.5000
52467.7778
52468.0556
52468.0556
52468.0556
52468.0556
52470.5556
52470.5556
52470.8333
52471.3889
52471.6667
52471.9444
52471.9444
52472.2222
52472.5000
52472.7778
52472.7778
52473.0556
52473.3333
52473.3333
52474.1667
52475.0000
52475.5556
52475.5556
52475.8333
52475.8333
52476.3889
52476.9444
52476.9444
52477.2222
52478.3333
52478.8889
52479.4444
52479.7222
52479.7222
52479.7222
52481.1111
52481.3889
52481.9444
52482.5000
52482.7778
52482.7778
52483.3333
52483.3333
52483.6111
52484.7222
52485.0000
52485.2778
52485.8333
52486.3889
52486.9444
52488.0556
52488.3333
52488.8889
52490.2778
52490.2778
52490.5556
52490.5556
52490.5556
52490.8333
52491.3889
52491.6667
52491.6667
52492.2222
52492.7778
52493.3333
52494.1667
52494.4444
52495.0000
52495.0000
52495.8333
52496.3889
52497.7778
52498.3333
52498.6111
52498.6111
52498.8889
52499.4444
52499.7222
52500.0000
52500.0000
52500.2778
52500.2778
52500.5556
52500.5556
52500.8333
52500.8333
52501.1111
52501.3889
52501.6667
52501.6667
52502.7778
52503.3333
52503.3333
52503.3333
52503.6111
52503.6111
52503.6111
52503.8889
52504.1667
52504.1667
52504.4444
52504.7222
52505.2778
52505.2778
52505.5556
52505.8333
52506.9444
52506.9444
52507.7778
52507.7778
52508.0556
52508.3333
52509.7222
52509.7222
52510.0000
52510.2778
52511.1111
52511.3889
52511.6667
52511.9444
52511.9444
52512.2222
52512.2222
52512.5000
52513.3333
52513.8889
52514.1667
52514.4444
52515.5556
52515.8333
52515.8333
52516.1111
52516.6667
52516.9444
52518.6111
52519.4444
52519.7222
52519.7222
52520.0000
52520.8333
52521.9444
52521.9444
52521.9444
52522.2222
52522.5000
52522.5000
52522.5000
52523.6111
52524.4444
52525.0000
52525.0000
52525.2778
52525.2778
52525.8333
52526.1111
52526.6667
52527.2222
52528.3333
52529.7222
52530.0000
52530.8333
52531.3889
52532.2222
52532.2222
52532.7778
52533.3333
52533.3333
52533.3333
52533.3333
52533.3333
52533.3333
52534.1667
52534.4444
52534.4444
52535.0000
52535.8333
52536.1111
52536.3889
52537.7778
52537.7778
52537.7778
52537.7778
52538.0556
52538.6111
52539.7222
52540.2778
52540.2778
52540.2778
52540.8333
52540.8333
52541.1111
52541.3889
52541.6667
52542.2222
52542.2222
52543.3333
52543.3333
52543.3333
52543.8889
52544.1667
52544.7222
52545.0000
52545.0000
52545.2778
52545.8333
52546.1111
52546.3889
52547.2222
52548.3333
52548.3333
52548.6111
52548.8889
52548.8889
52550.0000
52550.0000
52550.0000
52550.0000
52550.0000
52550.0000
52550.0000
52550.5556
52550.8333
52551.1111
52551.1111
52551.6667
52551.6667
52552.5000
52552.7778
52553.0556
52553.3333
52553.6111
52553.8889
52555.5556
52555.8333
52556.1111
52556.1111
52556.3889
52556.3889
52556.3889
52556.9444
52556.9444
52557.7778
52558.6111
52559.1667
52559.7222
52559.7222
52560.5556
52560.5556
52561.1111
52561.6667
52561.6667
52561.9444
52561.9444
52561.9444
52563.0556
52564.1667
52564.4444
52564.4444
52564.4444
52565.0000
52565.0000
52565.0000
52566.1111
52566.6667
52566.9444
52566.9444
52567.2222
52567.5000
52567.7778
52567.7778
52568.3333
52568.3333
52568.8889
52568.8889
52569.4444
52569.7222
52569.7222
52570.2778
52571.6667
52571.6667
52572.5000
52572.5000
52572.7778
52572.7778
52573.0556
52573.8889
52574.4444
52575.0000
52575.0000
52575.2778
52575.2778
52575.5556
52575.5556
52575.8333
52576.1111
52576.1111
52576.3889
52576.6667
52577.2222
52577.7778
52578.3333
52579.4444
52579.7222
52580.0000
52580.5556
52580.8333
52581.3889
52581.9444
52582.7778
52582.7778
52583.0556
52583.0556
52583.3333
52583.6111
52583.6111
52584.1667
52584.1667
52584.7222
52585.5556
52585.5556
52585.8333
52586.1111
52586.3889
52586.6667
52587.2222
52587.2222
52587.2222
52588.3333
52588.6111
52588.8889
52589.1667
52589.4444
52589.7222
52590.0000
52590.0000
52590.2778
52590.2778
52590.5556
52590.5556
52591.1111
52591.6667
52591.9444
52593.3333
52593.6111
52593.6111
52594.4444
52595.5556
52596.1111
52596.3889
52596.3889
52596.6667
52596.9444
52596.9444
52597.2222
52597.7778
52598.0556
52598.3333
52598.6111
52599.7222
52599.7222
52599.7222
52599.7222
52600.0000
52600.0000
52600.0000
52600.0000
52601.9444
52602.7778
52602.7778
52603.3333
52603.6111
52605.2778
52605.8333
52606.3889
52607.2222
52607.5000
52608.3333
52608.8889
52609.7222
52609.7222
52610.5556
52610.5556
52610.8333
52610.8333
52610.8333
52611.3889
52611.3889
52611.9444
52612.2222
52612.5000
52612.7778
52612.7778
52613.6111
52614.1667
52614.4444
52614.4444
52614.7222
52614.7222
52615.5556
52615.5556
52615.8333
52616.3889
52616.6667
52616.6667
52616.6667
52616.6667
52617.5000
52618.3333
52620.0000
52620.8333
52621.6667
52621.9444
52621.9444
52622.2222
52622.5000
52622.5000
52623.3333
52623.3333
52624.4444
52625.5556
52625.8333
52627.2222
52627.5000
52627.5000
52627.7778
52628.0556
52628.3333
52628.6111
52628.6111
52628.6111
52629.1667
52629.4444
52629.7222
52630.2778
52630.8333
52631.1111
52631.6667
52631.6667
52631.9444
52632.2222
52632.2222
52632.2222
52633.3333
52634.1667
52634.7222
52634.7222
52634.7222
52635.5556
52635.8333
52636.6667
52636.6667
52637.5000
52637.5000
52638.0556
52638.0556
52638.3333
52638.3333
52638.8889
52639.1667
52639.4444
52639.7222
52639.7222
52640.0000
52641.1111
52641.1111
52641.3889
52642.7778
52643.0556
52644.4444
52644.4444
52644.4444
52644.7222
52644.7222
52644.7222
52645.5556
52646.1111
52646.9444
52647.2222
52647.2222
52647.7778
52648.3333
52648.6111
52649.1667
52650.0000
52650.0000
52650.0000
52651.1111
52652.2222
52652.5000
52653.8889
52653.8889
52654.1667
52655.0000
52655.2778
52655.5556
52656.3889
52656.6667
52657.2222
52657.2222
52657.2222
52657.7778
52657.7778
52659.1667
52659.1667
52659.4444
52659.7222
52662.2222
52662.5000
52663.0556
52663.6111
52664.7222
52665.0000
52666.6667
52666.9444
52667.2222
52667.7778
52668.0556
52668.3333
52668.6111
52668.6111
52669.7222
52670.0000
52670.5556
52671.3889
52671.3889
52671.6667
52671.6667
52671.9444
52673.6111
52673.6111
52674.7222
52675.0000
52675.2778
52676.6667
52676.9444
52677.2222
52677.2222
52678.0556
52678.8889
52679.1667
52679.1667
52679.4444
52680.2778
52681.1111
52681.1111
52681.1111
52681.3889
52681.3889
52681.9444
52681.9444
52682.2222
52682.2222
52682.5000
52683.0556
52683.3333
52683.3333
52683.3333
52683.3333
52683.8889
52685.0000
52685.0000
52685.8333
52686.1111
52686.3889
52686.3889
52686.3889
52688.0556
52689.1667
52689.4444
52689.7222
52689.7222
52689.7222
52690.2778
52690.5556
52690.5556
52690.8333
52690.8333
52691.1111
52691.9444
52692.5000
52692.5000
52693.0556
52693.8889
52693.8889
52694.7222
52695.0000
52695.0000
52695.2778
52695.2778
52695.8333
52696.1111
52696.6667
52696.6667
52698.0556
52698.0556
52698.3333
52698.8889
52699.1667
52699.7222
52700.0000
52700.0000
52700.0000
52700.8333
52700.8333
52700.8333
52701.6667
52701.9444
52702.2222
52702.5000
52703.3333
52703.8889
52704.4444
52705.8333
52705.8333
52706.6667
52707.2222
52707.7778
52707.7778
52708.0556
52708.0556
52709.1667
52709.1667
52709.4444
52709.7222
52710.0000
52710.2778
52711.1111
52711.1111
52711.1111
52711.9444
52713.3333
52713.8889
52713.8889
52713.8889
52714.1667
52714.1667
52714.4444
52715.0000
52715.5556
52716.3889
52716.6667
52716.6667
52716.6667
52716.6667
52716.9444
52718.0556
52718.3333
52718.8889
52719.1667
52719.7222
52720.2778
52720.2778
52720.5556
52721.3889
52721.6667
52721.6667
52721.9444
52722.2222
52722.5000
52723.0556
52723.6111
52723.6111
52723.8889
52723.8889
52724.4444
52724.7222
52725.5556
52726.3889
52726.9444
52726.9444
52727.7778
52728.6111
52729.4444
52730.8333
52731.6667
52731.9444
52732.2222
52732.7778
52732.7778
52733.0556
52733.3333
52733.3333
52733.3333
52733.3333
52733.3333
52733.3333
52733.3333
52733.3333
52733.6111
52733.8889
52733.8889
52734.1667
52734.4444
52734.4444
52734.7222
52735.5556
52735.5556
52736.1111
52736.3889
52736.3889
52736.3889
52736.3889
52737.5000
52738.3333
52738.3333
52738.8889
52739.1667
52740.5556
52740.8333
52741.3889
52741.9444
52743.6111
52743.8889
52744.7222
52745.5556
52746.3889
52746.9444
52747.7778
52748.8889
52749.1667
52749.1667
52749.1667
52749.1667
52749.4444
52750.0000
52750.0000
52750.5556
52750.5556
52751.1111
52751.9444
52751.9444
52752.2222
52752.5000
52753.6111
52753.8889
52754.4444
52754.7222
52755.2778
52755.5556
52755.8333
52755.8333
52756.3889
52756.6667
52756.9444
52756.9444
52757.5000
52758.3333
52759.1667
52759.1667
52759.4444
52760.0000
52760.0000
52760.5556
52760.5556
52760.5556
52761.1111
52761.6667
52762.7778
52762.7778
52762.7778
52763.3333
52763.3333
52763.6111
52763.8889
52764.1667
52764.7222
52765.5556
52765.5556
52766.1111
52766.6667
52766.9444
52766.9444
52767.2222
52767.5000
52767.7778
52768.3333
52768.6111
52768.8889
52768.8889
52769.1667
52769.4444
52769.4444
52771.1111
52772.5000
52772.5000
52773.0556
52773.3333
52773.6111
52774.1667
52774.4444
52774.7222
52775.2778
52775.5556
52775.8333
52776.1111
52776.6667
52776.6667
52776.6667
52776.9444
52776.9444
52777.2222
52777.2222
52777.5000
52777.7778
52781.3889
52781.3889
52781.6667
52782.5000
52783.6111
52783.6111
52783.6111
52784.1667
52785.2778
52785.8333
52786.1111
52786.3889
52787.2222
52787.5000
52788.3333
52788.8889
52788.8889
52789.4444
52790.2778
52791.9444
52792.7778
52793.0556
52793.6111
52794.1667
52794.7222
52794.7222
52795.0000
52795.0000
52795.8333
52795.8333
52795.8333
52796.3889
52796.6667
52796.6667
52796.6667
52797.5000
52797.5000
52797.7778
52798.6111
52799.1667
52799.4444
52800.0000
52800.2778
52800.8333
52801.1111
52801.6667
52801.9444
52802.2222
52802.2222
52803.3333
52803.6111
52803.8889
52804.7222
52805.2778
52805.2778
52805.2778
52806.1111
52806.1111
52806.1111
52806.1111
52806.6667
52806.6667
52806.6667
52806.6667
52806.9444
52807.7778
52807.7778
52808.3333
52808.6111
52810.8333
52811.6667
52811.9444
52811.9444
52813.0556
52813.6111
52813.8889
52815.2778
52815.5556
52815.5556
52816.3889
52816.6667
52816.9444
52817.2222
52817.5000
52817.5000
52818.0556
52818.6111
52819.1667
52819.1667
52820.0000
52820.2778
52820.5556
52820.8333
52821.1111
52821.6667
52821.6667
52821.6667
52823.6111
52824.4444
52824.7222
52825.2778
52825.5556
52827.2222
52827.2222
52827.5000
52827.7778
52827.7778
52827.7778
52827.7778
52828.6111
52829.4444
52829.4444
52829.4444
52830.0000
52831.9444
52832.2222
52833.3333
52833.3333
52833.8889
52834.1667
52834.1667
52834.7222
52835.5556
52836.1111
52836.1111
52837.5000
52838.3333
52838.8889
52838.8889
52839.4444
52840.0000
52840.2778
52840.8333
52840.8333
52841.3889
52841.3889
52841.9444
52842.2222
52842.5000
52842.5000
52842.7778
52843.3333
52843.6111
52844.1667
52844.4444
52844.7222
52845.2778
52845.8333
52846.1111
52846.6667
52846.6667
52847.2222
52847.5000
52847.5000
52847.5000
52848.3333
52848.6111
52848.8889
52849.7222
52849.7222
52850.0000
52851.1111
52851.1111
52851.1111
52851.6667
52851.6667
52851.9444
52852.2222
52852.7778
52852.7778
52853.3333
52853.6111
52854.1667
52854.7222
52855.2778
52855.2778
52855.2778
52855.8333
52855.8333
52856.1111
52856.3889
52856.3889
52857.5000
52858.0556
52858.6111
52858.8889
52858.8889
52859.4444
52859.7222
52860.0000
52860.8333
52861.3889
52861.6667
52861.9444
52862.2222
52863.0556
52863.6111
52863.8889
52863.8889
52863.8889
52864.7222
52865.2778
52866.3889
52866.6667
52866.6667
52866.6667
52866.9444
52867.5000
52867.5000
52867.7778
52867.7778
52868.3333
52869.1667
52869.1667
52869.4444
52869.4444
52870.0000
52870.0000
52871.3889
52872.2222
52872.2222
52873.0556
52873.3333
52873.6111
52873.6111
52873.8889
52874.1667
52874.7222
52875.0000
52875.2778
52876.3889
52876.6667
52876.9444
52878.0556
52878.0556
52878.6111
52878.8889
52879.1667
52879.1667
52879.4444
52880.2778
52880.5556
52880.5556
52880.8333
52881.6667
52881.9444
52882.5000
52882.7778
52882.7778
52883.8889
52884.1667
52884.1667
52884.4444
52885.0000
52885.8333
52885.8333
52886.1111
52886.3889
52886.9444
52886.9444
52887.2222
52887.5000
52887.5000
52887.5000
52888.0556
52888.0556
52888.6111
52888.6111
52888.6111
52888.8889
52889.1667
52889.7222
52889.7222
52890.5556
52890.8333
52890.8333
52891.9444
52891.9444
52892.7778
52892.7778
52893.0556
52893.3333
52893.8889
52894.1667
52894.7222
52895.2778
52895.5556
52895.8333
52896.6667
52896.9444
52896.9444
52897.2222
52897.2222
52897.5000
52897.7778
52897.7778
52897.7778
52898.6111
52898.6111
52898.8889
52898.8889
52899.1667
52899.4444
52899.4444
52899.7222
52899.7222
52900.0000
52900.0000
52900.0000
52900.0000
52900.0000
52900.8333
52900.8333
52901.1111
52901.1111
52902.2222
52902.7778
52903.0556
52903.0556
52903.0556
52903.0556
52903.6111
52903.8889
52904.4444
52905.0000
52905.5556
52905.5556
52905.5556
52905.8333
52905.8333
52906.1111
52906.1111
52906.6667
52906.9444
52906.9444
52906.9444
52907.2222
52908.0556
52908.0556
52908.3333
52908.3333
52908.3333
52908.8889
52909.1667
52909.1667
52909.4444
52909.4444
52909.4444
52910.0000
52910.5556
52910.8333
52911.1111
52911.1111
52911.3889
52912.2222
52913.3333
52913.3333
52913.6111
52913.8889
52914.1667
52914.7222
52915.0000
52915.2778
52915.5556
52915.5556
52916.1111
52916.1111
52916.6667
52916.6667
52916.6667
52916.6667
52916.9444
52917.2222
52917.7778
52918.3333
52918.8889
52918.8889
52919.1667
52919.1667
52919.1667
52919.1667
52919.7222
52919.7222
52920.2778
52920.2778
52920.5556
52920.8333
52920.8333
52921.1111
52921.1111
52921.3889
52921.3889
52921.6667
52921.9444
52922.7778
52923.0556
52923.0556
52923.3333
52924.4444
52924.4444
52924.7222
52925.2778
52925.2778
52925.2778
52925.5556
52925.8333
52926.3889
52926.3889
52927.2222
52927.2222
52927.2222
52927.5000
52927.7778
52928.0556
52928.6111
52928.8889
52928.8889
52928.8889
52928.8889
52929.4444
52930.0000
52930.5556
52930.5556
52930.5556
52930.8333
52931.3889
52931.3889
52931.6667
52931.9444
52932.2222
52932.5000
52932.7778
52933.0556
52933.8889
52934.1667
52934.4444
52934.7222
52935.5556
52935.8333
52936.3889
52936.3889
52936.6667
52937.2222
52937.5000
52937.7778
52937.7778
52938.0556
52938.0556
52938.3333
52938.6111
52938.8889
52938.8889
52939.1667
52939.4444
52940.2778
52940.8333
52941.3889
52941.6667
52942.2222
52942.5000
52942.7778
52942.7778
52943.0556
52943.0556
52943.3333
52943.6111
52943.8889
52944.4444
52944.7222
52945.0000
52945.0000
52945.2778
52945.5556
52945.5556
52946.3889
52946.3889
52946.6667
52946.6667
52946.6667
52946.6667
52946.9444
52947.2222
52947.7778
52947.7778
52949.1667
52949.1667
52949.1667
52949.4444
52950.0000
52950.0000
52950.0000
52950.5556
52950.8333
52950.8333
52951.1111
52951.9444
52952.7778
52953.0556
52953.0556
52953.0556
52953.3333
52953.6111
52953.6111
52954.1667
52954.4444
52954.7222
52955.0000
52955.0000
52955.2778
52955.2778
52955.8333
52955.8333
52955.8333
52956.1111
52956.3889
52956.9444
52956.9444
52958.0556
52958.0556
52958.3333
52958.6111
52958.8889
52959.1667
52959.4444
52959.4444
52959.7222
52960.8333
52960.8333
52961.1111
52961.1111
52961.3889
52961.6667
52961.6667
52961.9444
52961.9444
52962.2222
52962.2222
52962.5000
52962.5000
52963.0556
52963.0556
52964.1667
52964.7222
52964.7222
52964.7222
52965.2778
52965.2778
52965.8333
52965.8333
52966.1111
52966.3889
52966.6667
52966.6667
52967.2222
52968.3333
52968.8889
52968.8889
52969.1667
52969.1667
52970.2778
52971.6667
52971.9444
52972.5000
52972.5000
52972.5000
52973.6111
52974.1667
52974.4444
52975.0000
52975.0000
52975.2778
52975.2778
52975.5556
52975.5556
52976.1111
52976.1111
52976.3889
52976.6667
52977.2222
52977.2222
52977.7778
52977.7778
52978.3333
52978.8889
52979.1667
52979.4444
52979.7222
52979.7222
52979.7222
52979.7222
52981.1111
52981.1111
52981.1111
52981.3889
52981.3889
52981.6667
52982.5000
52982.5000
52982.5000
52982.5000
52982.7778
52984.4444
52984.4444
52984.7222
52984.7222
52984.7222
52985.0000
52985.0000
52985.2778
52985.8333
52985.8333
52985.8333
52985.8333
52986.1111
52987.2222
52988.3333
52988.6111
52988.6111
52988.8889
52988.8889
52988.8889
52988.8889
52989.1667
52989.4444
52989.7222
52989.7222
52990.0000
52990.2778
52990.5556
52990.5556
52990.5556
52991.1111
52991.1111
52991.1111
52991.3889
52992.7778
52993.0556
52993.3333
52993.8889
52994.1667
52994.4444
52995.0000
52995.2778
52995.2778
52995.5556
52995.5556
52996.1111
52996.1111
52996.6667
52996.9444
52997.5000
52997.7778
52998.0556
52998.3333
52998.6111
52998.8889
52998.8889
53000.0000
53000.0000
53000.2778
53000.8333
53001.1111
53001.1111
53001.3889
53002.2222
53002.7778
53003.0556
53003.0556
53003.0556
53003.6111
53003.8889
53004.4444
53005.0000
53005.0000
53005.8333
53006.3889
53006.9444
53006.9444
53007.2222
53008.0556
53008.3333
53008.3333
53008.3333
53008.6111
53008.6111
53009.1667
53009.7222
53010.2778
53011.3889
53013.0556
53013.0556
53013.6111
53013.6111
53014.1667
53014.4444
53014.4444
53015.2778
53015.2778
53015.5556
53015.5556
53015.5556
53015.5556
53015.5556
53015.5556
53016.1111
53016.6667
53017.2222
53017.2222
53017.2222
53017.2222
53017.2222
53017.5000
53017.5000
53017.7778
53018.6111
53018.8889
53019.1667
53019.1667
53019.1667
53019.4444
53020.2778
53020.5556
53020.5556
53020.5556
53020.8333
53021.1111
53022.5000
53022.5000
53022.7778
53023.0556
53023.6111
53023.6111
53023.8889
53023.8889
53024.7222
53026.1111
53026.6667
53026.9444
53027.5000
53027.5000
53027.5000
53027.7778
53028.0556
53028.0556
53028.8889
53029.1667
53029.1667
53029.1667
53030.5556
53030.5556
53031.6667
53031.6667
53031.9444
53031.9444
53032.2222
53032.2222
53032.2222
53032.5000
53032.5000
53032.5000
53032.7778
53033.0556
53033.3333
53033.3333
53033.3333
53033.6111
53033.8889
53034.4444
53034.4444
53034.7222
53035.8333
53036.1111
53036.1111
53036.3889
53036.6667
53036.9444
53037.7778
53037.7778
53038.0556
53038.3333
53038.6111
53038.6111
53038.6111
53038.8889
53038.8889
53039.4444
53039.7222
53039.7222
53039.7222
53040.0000
53040.5556
53040.5556
53041.1111
53041.9444
53041.9444
53042.2222
53042.5000
53042.7778
53043.0556
53044.1667
53044.1667
53044.4444
53045.2778
53046.3889
53046.6667
53046.6667
53047.2222
53047.2222
53047.5000
53048.0556
53048.3333
53048.3333
53048.8889
53049.1667
53049.4444
53049.4444
53049.4444
53050.0000
53050.0000
53050.0000
53050.0000
53050.0000
53050.0000
53050.2778
53050.5556
53050.5556
53050.8333
53050.8333
53050.8333
53051.3889
53051.6667
53051.6667
53051.6667
53052.2222
53052.5000
53052.7778
53053.0556
53053.3333
53053.8889
53054.7222
53054.7222
53055.5556
53055.8333
53056.1111
53056.3889
53056.6667
53056.9444
53057.2222
53057.7778
53058.3333
53058.6111
53058.8889
53059.1667
53059.4444
53059.4444
53059.7222
53060.2778
53060.5556
53060.5556
53061.3889
53061.6667
53062.2222
53062.5000
53062.5000
53063.0556
53063.0556
53063.6111
53063.8889
53064.1667
53064.1667
53064.1667
53064.1667
53064.4444
53065.2778
53065.2778
53065.5556
53065.8333
53065.8333
53066.1111
53066.3889
53066.6667
53066.6667
53066.6667
53067.2222
53067.7778
53068.3333
53068.3333
53068.8889
53068.8889
53070.0000
53070.0000
53070.5556
53070.8333
53071.1111
53071.1111
53071.1111
53071.1111
53071.1111
53071.3889
53071.6667
53071.9444
53071.9444
53073.0556
53073.3333
53073.3333
53073.3333
53073.8889
53074.7222
53074.7222
53075.2778
53075.5556
53075.5556
53076.9444
53077.2222
53077.2222
53077.2222
53078.3333
53079.4444
53079.7222
53080.5556
53080.5556
53080.5556
53081.6667
53081.6667
53081.6667
53081.9444
53081.9444
53082.2222
53082.5000
53082.7778
53083.3333
53083.3333
53083.3333
53083.6111
53083.6111
53083.6111
53083.6111
53083.6111
53084.1667
53085.5556
53086.1111
53086.3889
53086.3889
53087.2222
53088.3333
53088.6111
53088.6111
53088.6111
53088.8889
53089.1667
53089.7222
53089.7222
53089.7222
53090.5556
53090.5556
53091.3889
53091.3889
53091.3889
53091.9444
53091.9444
53092.2222
53092.2222
53092.7778
53093.3333
53093.3333
53093.3333
53094.4444
53094.4444
53095.5556
53095.5556
53095.8333
53096.1111
53096.1111
53096.3889
53096.6667
53096.6667
53097.2222
53098.3333
53098.3333
53098.6111
53098.8889
53098.8889
53098.8889
53099.1667
53099.7222
53100.0000
53100.2778
53100.5556
53101.1111
53101.1111
53101.9444
53102.2222
53102.7778
53103.0556
53103.0556
53103.0556
53103.6111
53103.6111
53103.8889
53103.8889
53104.1667
53104.1667
53104.1667
53104.1667
53105.0000
53105.0000
53105.2778
53106.3889
53106.3889
53106.6667
53106.6667
53106.9444
53107.5000
53107.7778
53108.3333
53108.8889
53108.8889
53108.8889
53109.1667
53109.1667
53109.4444
53109.7222
53110.0000
53110.2778
53110.2778
53110.8333
53111.3889
53111.3889
53111.6667
53111.6667
53111.9444
53111.9444
53113.0556
53113.3333
53113.6111
53113.8889
53114.1667
53114.1667
53114.1667
53114.7222
53115.0000
53115.0000
53116.1111
53116.3889
53116.3889
53116.6667
53116.6667
53116.6667
53116.6667
53116.9444
53117.2222
53117.5000
53117.5000
53117.5000
53117.7778
53118.0556
53118.0556
53118.0556
53118.3333
53118.6111
53118.8889
53119.1667
53119.4444
53119.7222
53120.2778
53120.5556
53120.8333
53121.1111
53121.1111
53121.3889
53121.3889
53121.6667
53121.6667
53121.6667
53121.9444
53122.5000
53122.5000
53122.7778
53123.6111
53124.1667
53124.7222
53124.7222
53125.0000
53125.0000
53125.2778
53125.8333
53125.8333
53125.8333
53126.1111
53126.3889
53126.6667
53127.7778
53127.7778
53128.0556
53128.0556
53128.3333
53129.4444
53129.7222
53130.2778
53130.2778
53130.5556
53130.5556
53130.8333
53131.3889
53131.6667
53133.0556
53133.0556
53133.3333
53133.6111
53133.6111
53133.6111
53134.1667
53134.1667
53134.4444
53134.7222
53134.7222
53135.0000
53135.2778
53135.8333
53136.1111
53136.1111
53136.3889
53136.6667
53136.6667
53136.9444
53136.9444
53137.2222
53137.2222
53137.5000
53137.5000
53138.0556
53138.3333
53138.6111
53138.6111
53139.1667
53139.1667
53139.4444
53139.4444
53139.4444
53140.0000
53140.2778
53140.5556
53140.8333
53141.1111
53141.6667
53141.9444
53142.2222
53143.0556
53143.0556
53143.6111
53143.6111
53143.8889
53144.1667
53144.4444
53144.7222
53145.0000
53146.1111
53146.1111
53146.6667
53146.6667
53146.9444
53147.2222
53147.2222
53147.5000
53147.5000
53148.0556
53148.0556
53148.0556
53148.0556
53148.0556
53148.3333
53148.6111
53149.4444
53150.0000
53150.0000
53150.0000
53150.2778
53151.1111
53151.3889
53151.3889
53151.3889
53151.6667
53152.2222
53152.5000
53153.3333
53153.8889
53153.8889
53153.8889
53153.8889
53154.1667
53154.7222
53155.2778
53155.5556
53155.8333
53156.1111
53156.3889
53156.6667
53156.6667
53156.6667
53156.9444
53157.2222
53157.2222
53157.5000
53157.5000
53157.7778
53157.7778
53158.6111
53159.1667
53159.1667
53159.4444
53160.0000
53160.2778
53160.5556
53160.5556
53161.1111
53161.1111
53161.6667
53161.9444
53162.2222
53162.5000
53162.5000
53162.5000
53162.7778
53163.3333
53163.3333
53163.6111
53164.4444
53164.4444
53164.7222
53165.0000
53165.0000
53165.2778
53166.1111
53166.1111
53166.3889
53166.6667
53166.6667
53166.6667
53166.9444
53167.2222
53167.2222
53168.0556
53169.1667
53169.4444
53170.0000
53170.0000
53170.2778
53170.5556
53171.1111
53171.3889
53171.6667
53171.9444
53171.9444
53172.2222
53172.7778
53172.7778
53173.0556
53173.0556
53173.3333
53174.1667
53174.1667
53174.4444
53175.0000
53175.2778
53175.2778
53175.5556
53175.5556
53175.5556
53175.5556
53176.1111
53176.1111
53176.3889
53176.3889
53176.6667
53176.9444
53178.0556
53178.0556
53178.8889
53180.0000
53180.2778
53180.5556
53180.8333
53180.8333
53181.1111
53181.3889
53181.6667
53181.6667
53181.9444
53181.9444
53182.5000
53183.0556
53183.0556
53183.3333
53183.6111
53183.6111
53183.8889
53184.1667
53184.7222
53185.2778
53185.2778
53185.5556
53186.1111
53186.1111
53186.3889
53186.3889
53186.3889
53186.6667
53186.6667
53187.5000
53187.5000
53187.7778
53188.0556
53188.0556
53188.0556
53188.6111
53188.6111
53189.1667
53189.1667
53189.4444
53189.7222
53190.0000
53190.0000
53190.5556
53190.8333
53190.8333
53191.1111
53191.3889
53191.9444
53191.9444
53192.5000
53192.5000
53192.7778
53192.7778
53193.0556
53193.3333
53194.4444
53194.7222
53194.7222
53195.2778
53195.5556
53195.8333
53196.6667
53196.9444
53196.9444
53197.5000
53197.5000
53198.0556
53198.3333
53198.3333
53199.4444
53200.0000
53200.0000
53200.0000
53200.2778
53200.5556
53200.5556
53201.3889
53201.6667
53201.6667
53201.6667
53202.2222
53202.5000
53202.7778
53202.7778
53202.7778
53202.7778
53203.0556
53203.3333
53203.3333
53203.3333
53203.6111
53203.6111
53203.8889
53204.4444
53205.0000
53206.1111
53206.3889
53206.3889
53206.6667
53207.5000
53208.0556
53208.3333
53208.3333
53208.3333
53208.3333
53209.7222
53210.0000
53210.2778
53210.5556
53210.8333
53210.8333
53210.8333
53210.8333
53211.1111
53211.6667
53211.9444
53212.2222
53212.5000
53213.3333
53213.3333
53213.3333
53213.3333
53213.3333
53213.8889
53215.0000
53215.2778
53215.8333
53216.6667
53216.6667
53216.6667
53217.2222
53217.2222
53217.2222
53217.5000
53217.5000
53217.5000
53218.8889
53218.8889
53220.0000
53220.5556
53220.5556
53221.1111
53221.3889
53221.3889
53221.3889
53221.6667
53221.6667
53222.5000
53222.5000
53222.7778
53223.0556
53223.3333
53223.8889
53223.8889
53224.4444
53224.4444
53224.4444
53224.7222
53224.7222
53225.0000
53225.8333
53225.8333
53226.1111
53226.1111
53226.1111
53226.3889
53226.6667
53226.9444
53227.2222
53227.2222
53227.5000
53227.7778
53228.6111
53228.6111
53229.7222
53230.2778
53230.2778
53230.2778
53231.1111
53231.1111
53231.3889
53231.9444
53231.9444
53231.9444
53232.2222
53232.5000
53232.5000
53232.7778
53232.7778
53233.0556
53233.3333
53233.3333
53233.3333
53233.3333
53233.3333
53233.3333
53233.3333
53233.8889
53234.1667
53235.0000
53235.0000
53235.2778
53235.2778
53235.2778
53235.5556
53235.8333
53236.1111
53236.1111
53236.1111
53236.6667
53236.6667
53236.6667
53236.9444
53236.9444
53237.2222
53237.5000
53237.7778
53237.7778
53238.0556
53238.3333
53238.8889
53238.8889
53239.4444
53239.4444
53239.4444
53239.7222
53240.0000
53240.0000
53240.0000
53240.2778
53240.2778
53240.5556
53240.5556
53240.5556
53240.8333
53241.1111
53241.6667
53241.6667
53241.6667
53241.9444
53242.2222
53242.2222
53242.2222
53242.5000
53243.0556
53243.6111
53243.8889
53243.8889
53244.4444
53245.0000
53245.2778
53246.1111
53246.1111
53246.3889
53246.3889
53246.6667
53246.6667
53246.9444
53246.9444
53247.2222
53247.2222
53247.5000
53247.5000
53247.7778
53248.6111
53248.6111
53248.8889
53248.8889
53249.1667
53249.4444
53250.0000
53250.0000
53250.0000
53250.0000
53250.0000
53250.0000
53250.0000
53250.5556
53250.8333
53250.8333
53251.1111
53251.1111
53251.3889
53251.9444
53251.9444
53251.9444
53251.9444
53251.9444
53252.2222
53252.5000
53252.5000
53253.6111
53254.1667
53254.1667
53254.1667
53254.4444
53255.0000
53255.0000
53255.2778
53255.5556
53255.5556
53255.8333
53255.8333
53256.1111
53257.2222
53257.5000
53257.5000
53258.0556
53258.6111
53258.8889
53258.8889
53259.1667
53259.4444
53259.7222
53260.0000
53260.0000
53260.8333
53260.8333
53261.1111
53261.1111
53261.3889
53261.6667
53261.6667
53261.6667
53261.6667
53262.5000
53263.3333
53263.8889
53264.1667
53264.1667
53264.4444
53264.7222
53265.2778
53265.2778
53265.5556
53265.5556
53265.8333
53266.3889
53266.6667
53266.6667
53266.6667
53266.6667
53266.6667
53266.6667
53266.9444
53267.2222
53267.5000
53267.5000
53268.3333
53268.3333
53268.3333
53269.1667
53269.4444
53269.4444
53269.7222
53270.0000
53270.0000
53270.0000
53270.0000
53270.2778
53270.2778
53270.8333
53271.1111
53271.1111
53271.6667
53271.6667
53271.9444
53272.2222
53272.5000
53273.6111
53273.6111
53273.8889
53273.8889
53274.1667
53274.1667
53275.2778
53275.2778
53275.5556
53275.5556
53275.5556
53275.8333
53275.8333
53276.1111
53276.3889
53276.3889
53276.6667
53276.6667
53276.9444
53277.2222
53277.5000
53277.5000
53277.5000
53277.7778
53277.7778
53278.3333
53278.6111
53278.6111
53278.6111
53278.8889
53278.8889
53279.1667
53279.1667
53279.4444
53279.7222
53280.2778
53280.5556
53280.5556
53280.5556
53281.6667
53281.6667
53281.6667
53281.6667
53281.6667
53282.7778
53282.7778
53282.7778
53283.3333
53283.3333
53283.3333
53283.3333
53283.3333
53283.8889
53284.1667
53284.1667
53284.7222
53285.0000
53285.0000
53285.2778
53285.2778
53286.1111
53286.3889
53286.3889
53286.6667
53286.9444
53287.2222
53287.5000
53287.5000
53287.5000
53287.7778
53287.7778
53287.7778
53287.7778
53288.8889
53288.8889
53288.8889
53288.8889
53288.8889
53288.8889
53289.7222
53289.7222
53289.7222
53289.7222
53290.0000
53290.2778
53290.2778
53290.8333
53291.3889
53292.2222
53292.5000
53293.3333
53293.6111
53293.6111
53293.6111
53294.4444
53295.0000
53295.2778
53295.2778
53295.2778
53295.5556
53295.8333
53296.1111
53296.3889
53296.3889
53296.6667
53296.9444
53296.9444
53296.9444
53297.2222
53297.5000
53297.7778
53298.0556
53298.6111
53298.6111
53298.8889
53299.1667
53299.7222
53299.7222
53299.7222
53300.0000
53300.2778
53300.5556
53300.5556
53300.5556
53300.8333
53301.1111
53301.1111
53301.3889
53301.6667
53301.9444
53302.2222
53302.2222
53302.2222
53302.5000
53303.0556
53303.0556
53303.0556
53303.3333
53303.8889
53304.1667
53304.4444
53305.2778
53305.5556
53305.8333
53306.3889
53306.9444
53307.5000
53307.7778
53308.8889
53308.8889
53309.4444
53309.4444
53309.7222
53309.7222
53309.7222
53309.7222
53310.0000
53310.0000
53311.3889
53311.3889
53311.6667
53312.2222
53312.2222
53312.7778
53313.6111
53314.1667
53314.1667
53314.4444
53314.4444
53314.4444
53314.4444
53314.4444
53315.2778
53315.5556
53315.5556
53315.5556
53316.1111
53316.3889
53316.9444
53317.2222
53317.5000
53318.0556
53318.6111
53318.6111
53318.6111
53319.4444
53319.7222
53319.7222
53320.0000
53320.2778
53320.2778
53320.2778
53320.5556
53320.8333
53321.1111
53321.1111
53321.3889
53321.3889
53321.3889
53321.3889
53322.2222
53322.5000
53322.5000
53323.0556
53323.3333
53323.6111
53323.6111
53323.6111
53324.1667
53324.1667
53324.4444
53324.4444
53324.4444
53324.4444
53324.7222
53325.2778
53325.2778
53325.5556
53325.5556
53325.8333
53326.3889
53326.6667
53326.6667
53326.6667
53326.9444
53327.2222
53327.5000
53328.3333
53329.4444
53329.4444
53329.7222
53329.7222
53330.2778
53330.2778
53330.2778
53330.5556
53331.1111
53331.3889
53331.6667
53331.6667
53331.9444
53331.9444
53332.2222
53332.2222
53332.2222
53332.2222
53332.5000
53332.7778
53332.7778
53332.7778
53333.0556
53333.3333
53334.1667
53334.1667
53334.1667
53335.0000
53335.0000
53335.0000
53335.2778
53335.5556
53335.5556
53335.5556
53336.1111
53336.1111
53337.5000
53337.7778
53338.0556
53338.3333
53338.6111
53338.6111
53338.6111
53339.4444
53339.7222
53339.7222
53339.7222
53340.0000
53340.5556
53340.5556
53340.8333
53341.1111
53341.1111
53341.3889
53341.3889
53341.6667
53341.9444
53342.2222
53342.2222
53342.5000
53342.5000
53342.5000
53343.0556
53343.0556
53343.3333
53343.3333
53343.8889
53344.1667
53344.4444
53344.4444
53344.4444
53344.7222
53345.0000
53345.0000
53345.2778
53345.2778
53346.3889
53346.3889
53346.9444
53346.9444
53347.5000
53347.7778
53348.0556
53348.0556
53348.3333
53348.3333
53348.6111
53348.8889
53348.8889
53348.8889
53349.4444
53349.7222
53350.0000
53350.0000
53350.0000
53350.2778
53350.2778
53350.5556
53350.5556
53350.5556
53350.8333
53351.1111
53351.3889
53351.9444
53352.2222
53352.2222
53352.5000
53352.7778
53352.7778
53353.0556
53353.0556
53353.3333
53353.3333
53353.6111
53353.6111
53354.4444
53354.7222
53355.0000
53355.0000
53355.5556
53356.1111
53356.6667
53356.6667
53357.2222
53357.5000
53358.6111
53359.1667
53359.1667
53359.1667
53359.1667
53359.1667
53359.1667
53359.4444
53359.4444
53359.7222
53359.7222
53360.2778
53360.2778
53360.8333
53360.8333
53360.8333
53361.1111
53361.3889
53361.6667
53361.6667
53362.7778
53362.7778
53363.0556
53363.3333
53363.3333
53363.6111
53363.8889
53364.1667
53364.1667
53364.4444
53364.4444
53365.2778
53365.8333
53365.8333
53366.1111
53366.3889
53366.3889
53366.6667
53366.6667
53366.6667
53366.6667
53366.9444
53367.2222
53367.5000
53367.7778
53367.7778
53368.0556
53368.0556
53368.6111
53368.8889
53369.1667
53369.4444
53369.4444
53369.7222
53370.0000
53370.2778
53370.5556
53370.5556
53371.1111
53371.3889
53371.3889
53371.9444
53373.0556
53373.3333
53373.3333
53373.3333
53373.6111
53373.6111
53373.8889
53373.8889
53374.4444
53374.7222
53374.7222
53375.0000
53375.0000
53375.2778
53375.2778
53375.2778
53375.5556
53375.5556
53375.8333
53376.1111
53376.3889
53376.6667
53376.6667
53377.5000
53377.5000
53377.7778
53378.3333
53378.3333
53378.3333
53378.6111
53378.8889
53379.1667
53379.4444
53380.0000
53380.2778
53380.2778
53380.8333
53381.1111
53381.1111
53381.3889
53381.6667
53381.9444
53382.2222
53382.5000
53382.5000
53382.5000
53382.5000
53383.3333
53383.3333
53383.3333
53383.3333
53383.3333
53383.6111
53383.8889
53383.8889
53384.4444
53384.4444
53384.4444
53385.0000
53385.5556
53385.8333
53385.8333
53385.8333
53386.1111
53386.3889
53386.6667
53387.2222
53387.7778
53387.7778
53387.7778
53388.0556
53388.0556
53388.3333
53388.3333
53388.6111
53388.8889
53388.8889
53389.1667
53389.1667
53389.4444
53390.0000
53390.2778
53390.2778
53390.5556
53390.5556
53390.8333
53391.3889
53391.3889
53391.6667
53391.6667
53391.6667
53391.6667
53392.5000
53392.5000
53392.7778
53392.7778
53392.7778
53393.0556
53393.0556
53393.0556
53393.3333
53393.3333
53393.6111
53393.8889
53393.8889
53394.1667
53394.4444
53394.4444
53394.4444
53394.4444
53394.4444
53395.2778
53395.5556
53396.1111
53396.1111
53396.1111
53396.3889
53396.3889
53396.3889
53396.3889
53396.3889
53396.6667
53396.9444
53397.2222
53397.5000
53397.5000
53397.7778
53398.6111
53398.6111
53398.6111
53399.4444
53399.4444
53399.7222
53399.7222
53400.0000
53400.0000
53400.0000
53400.0000
53400.2778
53400.5556
53400.8333
53400.8333
53401.1111
53401.3889
53401.6667
53401.6667
53402.2222
53402.2222
53402.2222
53403.3333
53403.6111
53403.8889
53403.8889
53403.8889
53404.1667
53404.4444
53404.4444
53404.7222
53405.0000
53405.0000
53405.0000
53405.8333
53406.1111
53406.1111
53406.3889
53407.2222
53407.2222
53407.2222
53407.7778
53408.0556
53408.3333
53408.6111
53409.1667
53409.1667
53409.4444
53409.4444
53409.4444
53409.7222
53409.7222
53410.0000
53410.0000
53410.8333
53410.8333
53410.8333
53411.1111
53411.1111
53411.1111
53411.1111
53411.3889
53411.3889
53411.6667
53411.9444
53412.2222
53412.2222
53412.5000
53412.7778
53412.7778
53413.3333
53413.6111
53413.6111
53413.8889
53413.8889
53413.8889
53414.1667
53414.1667
53414.1667
53414.4444
53414.4444
53414.4444
53415.5556
53415.5556
53415.8333
53415.8333
53416.1111
53416.1111
53416.1111
53416.3889
53416.3889
53416.6667
53416.6667
53416.6667
53416.6667
53416.6667
53416.6667
53416.6667
53416.6667
53416.6667
53416.9444
53417.5000
53417.7778
53418.3333
53418.8889
53419.1667
53419.1667
53419.1667
53419.4444
53419.7222
53420.0000
53420.8333
53421.1111
53421.1111
53421.3889
53421.6667
53421.6667
53421.9444
53421.9444
53422.2222
53422.7778
53423.0556
53423.0556
53424.7222
53424.7222
53428.6111
53430.8333
53431.6667
53433.0556
53433.3333
53433.3333
53433.3333
53433.3333
53433.3333
53433.3333
53433.3333
53433.3333
53433.3333
53433.3333
53433.8889
53434.1667
53434.1667
53435.2778
53435.5556
53436.1111
53438.0556
53439.1667
53440.2778
53441.9444
53442.7778
53447.2222
53448.6111
53449.4444
53450.0000
53450.0000
53450.0000
53450.0000
53450.0000
53450.0000
53450.0000
53450.0000
53450.0000
53450.8333
53450.8333
53451.6667
53452.2222
53453.8889
53454.7222
53456.1111
53456.6667
53457.5000
53459.7222
53466.6667
53466.6667
53466.6667
53466.6667
53466.6667
53466.6667
53466.6667
53466.6667
53466.6667
53466.6667
53469.7222
53471.3889
53473.3333
53474.7222
53476.3889
53476.9444
53477.5000
53478.0556
53478.6111
53478.6111
53483.3333
53483.3333
53483.3333
53483.3333
53483.3333
53483.3333
53483.3333
53483.3333
53483.3333
53483.3333
53483.3333
53483.3333
53483.3333
53483.8889
53484.7222
53485.2778
53487.2222
53488.6111
53490.0000
53490.0000
53495.0000
53495.5556
53496.1111
53496.6667
53498.3333
53500.0000
53500.0000
53500.0000
53500.0000
53500.0000
53500.0000
53500.0000
53500.0000
53500.0000
53503.6111
53504.7222
53505.0000
53505.0000
53508.0556
53510.0000
53510.0000
53510.8333
53511.9444
53512.2222
53512.5000
53512.7778
53515.8333
53516.6667
53516.6667
53516.6667
53516.6667
53516.6667
53516.6667
53516.6667
53516.6667
53516.6667
53516.6667
53516.6667
53516.6667
53522.5000
53523.3333
53524.7222
53525.0000
53525.2778
53525.2778
53525.2778
53528.0556
53528.6111
53531.6667
53533.3333
53533.3333
53533.3333
53533.3333
53533.3333
53533.3333
53533.3333
53533.3333
53533.3333
53533.3333
53533.3333
53533.3333
53535.2778
53536.9444
53538.0556
53539.1667
53544.1667
53544.4444
53546.6667
53547.7778
53549.1667
53550.0000
53550.0000
53550.0000
53550.0000
53550.0000
53550.0000
53550.0000
53550.0000
53550.0000
53550.0000
53550.2778
53554.1667
53554.1667
53554.4444
53555.0000
53555.0000
53555.8333
53556.1111
53557.2222
53559.1667
53559.7222
53560.5556
53561.3889
53562.5000
53563.3333
53564.7222
53566.1111
53566.3889
53566.6667
53566.6667
53566.6667
53566.6667
53566.6667
53566.6667
53566.6667
53566.6667
53566.6667
53566.6667
53566.6667
53566.6667
53566.6667
53566.6667
53569.7222
53570.2778
53572.2222
53577.2222
53578.8889
53579.7222
53580.2778
53582.5000
53582.7778
53583.3333
53583.3333
53583.3333
53583.3333
53583.3333
53583.3333
53583.3333
53583.3333
53583.3333
53583.3333
53583.3333
53586.6667
53588.3333
53588.8889
53589.7222
53590.0000
53592.5000
53592.5000
53593.6111
53595.2778
53595.5556
53596.3889
53599.4444
53600.0000
53600.0000
53600.0000
53600.0000
53600.0000
53600.0000
53600.0000
53600.0000
53600.0000
53600.0000
53600.0000
53600.0000
53600.0000
53600.0000
53600.0000
53600.0000
53600.0000
53600.8333
53604.7222
53605.8333
53605.8333
53608.0556
53608.3333
53610.5556
53612.7778
53612.7778
53616.6667
53616.6667
53616.6667
53616.6667
53616.6667
53616.6667
53616.6667
53616.6667
53616.6667
53616.6667
53616.6667
53616.6667
53616.6667
53616.6667
53616.6667
53616.6667
53616.6667
53616.6667
53616.9444
53618.6111
53621.9444
53623.0556
53624.7222
53628.8889
53629.1667
53633.0556
53633.3333
53633.3333
53633.3333
53633.3333
53633.3333
53633.3333
53633.3333
53633.3333
53633.3333
53633.3333
53633.3333
53633.3333
53633.3333
53633.3333
53640.5556
53644.1667
53645.0000
53650.0000
53650.0000
53650.0000
53650.0000
53650.0000
53650.0000
53650.0000
53650.0000
53650.0000
53650.0000
53650.0000
53650.0000
53650.0000
53650.0000
53651.1111
53652.7778
53656.6667
53657.5000
53662.5000
53662.7778
53665.2778
53666.3889
53666.6667
53666.6667
53666.6667
53666.6667
53666.6667
53666.6667
53666.6667
53666.6667
53666.6667
53666.6667
53666.6667
53666.6667
53666.6667
53666.6667
53671.6667
53672.5000
53673.3333
53676.6667
53676.9444
53677.2222
53681.9444
53683.3333
53683.3333
53683.3333
53683.3333
53683.3333
53683.3333
53683.3333
53683.3333
53683.3333
53683.3333
53683.3333
53683.3333
53683.3333
53683.3333
53685.0000
53685.2778
53692.2222
53693.0556
53695.5556
53698.3333
53700.0000
53700.0000
53700.0000
53700.0000
53700.0000
53700.0000
53700.0000
53700.0000
53700.0000
53700.0000
53701.3889
53704.1667
53704.4444
53706.6667
53706.9444
53708.3333
53709.1667
53710.0000
53713.0556
53713.0556
53713.3333
53716.1111
53716.6667
53716.6667
53716.6667
53716.6667
53716.6667
53716.6667
53716.6667
53716.6667
53716.6667
53717.7778
53718.6111
53718.8889
53723.3333
53725.5556
53726.3889
53729.7222
53731.1111
53731.6667
53733.3333
53733.3333
53733.3333
53733.3333
53733.3333
53733.3333
53733.3333
53733.3333
53733.3333
53733.3333
53733.3333
53735.5556
53736.1111
53738.6111
53740.5556
53740.8333
53745.0000
53745.0000
53747.7778
53748.0556
53750.0000
53750.0000
53750.0000
53750.0000
53750.0000
53750.0000
53750.0000
53750.0000
53750.0000
53750.0000
53750.0000
53750.0000
53750.0000
53750.0000
53750.0000
53750.0000
53751.1111
53751.1111
53752.7778
53754.1667
53756.6667
53757.7778
53760.5556
53761.1111
53762.7778
53763.3333
53766.1111
53766.6667
53766.6667
53766.6667
53766.6667
53766.6667
53766.6667
53766.6667
53766.6667
53766.6667
53766.6667
53768.3333
53768.8889
53770.2778
53772.5000
53773.3333
53774.1667
53775.0000
53776.3889
53781.1111
53783.3333
53783.3333
53783.3333
53783.3333
53783.3333
53783.3333
53783.3333
53783.3333
53783.3333
53783.3333
53783.3333
53783.3333
53783.3333
53786.6667
53788.0556
53788.6111
53792.2222
53793.3333
53793.6111
53793.6111
53797.2222
53800.0000
53800.0000
53800.0000
53800.0000
53800.0000
53800.0000
53800.0000
53800.0000
53800.0000
53801.6667
53808.3333
53808.8889
53809.1667
53809.7222
53810.0000
53811.3889
53813.0556
53815.0000
53816.3889
53816.6667
53816.6667
53816.6667
53816.6667
53816.6667
53816.6667
53816.6667
53816.6667
53816.6667
53817.7778
53820.5556
53822.5000
53822.7778
53824.1667
53824.1667
53825.8333
53828.0556
53830.5556
53833.3333
53833.3333
53833.3333
53833.3333
53833.3333
53833.3333
53833.3333
53833.3333
53833.3333
53833.3333
53833.3333
53833.3333
53833.3333
53833.8889
53835.0000
53837.7778
53841.9444
53842.7778
53843.3333
53844.1667
53847.7778
53848.0556
53849.7222
53850.0000
53850.0000
53850.0000
53850.0000
53850.0000
53850.0000
53850.0000
53850.0000
53850.0000
53850.0000
53850.0000
53850.8333
53851.6667
53852.5000
53853.6111
53853.8889
53854.1667
53854.7222
53856.1111
53856.3889
53858.0556
53858.3333
53858.3333
53858.6111
53859.1667
53859.4444
53859.7222
53860.2778
53861.1111
53861.3889
53862.7778
53863.0556
53864.7222
53865.0000
53865.2778
53865.8333
53866.3889
53866.3889
53866.6667
53866.6667
53866.6667
53866.6667
53866.6667
53866.6667
53866.6667
53866.6667
53868.3333
53868.3333
53869.4444
53869.7222
53870.5556
53871.6667
53872.5000
53873.6111
53874.4444
53875.0000
53875.5556
53875.8333
53876.1111
53876.3889
53880.0000
53880.0000
53883.3333
53883.3333
53883.3333
53883.3333
53883.3333
53883.3333
53883.3333
53883.3333
53883.3333
53883.3333
53883.3333
53883.3333
53883.3333
53885.0000
53885.8333
53886.1111
53886.6667
53887.5000
53888.0556
53890.5556
53890.5556
53893.6111
53893.8889
53896.1111
53896.6667
53896.9444
53897.7778
53898.3333
53898.8889
53899.1667
53899.1667
53900.0000
53900.0000
53900.0000
53900.0000
53900.0000
53900.0000
53900.0000
53900.0000
53900.0000
53900.0000
53900.0000
53900.0000
53900.0000
53900.0000
53900.5556
53900.8333
53900.8333
53901.1111
53901.6667
53901.9444
53903.3333
53903.3333
53903.8889
53905.0000
53906.3889
53906.6667
53908.0556
53908.0556
53908.0556
53910.8333
53911.1111
53911.9444
53915.2778
53916.6667
53916.6667
53916.6667
53916.6667
53916.6667
53916.6667
53916.6667
53916.6667
53916.6667
53916.6667
53916.6667
53916.6667
53916.6667
53916.6667
53916.6667
53916.9444
53916.9444
53917.7778
53917.7778
53918.8889
53920.0000
53920.8333
53921.1111
53921.6667
53922.7778
53924.1667
53925.0000
53926.3889
53927.2222
53927.5000
53927.7778
53930.8333
53931.1111
53932.2222
53933.3333
53933.3333
53933.3333
53933.3333
53933.3333
53933.3333
53933.3333
53933.3333
53933.3333
53933.3333
53933.3333
53933.3333
53934.1667
53934.1667
53934.4444
53936.1111
53938.8889
53939.4444
53940.8333
53941.9444
53941.9444
53942.2222
53942.5000
53942.7778
53942.7778
53943.0556
53943.0556
53943.3333
53943.6111
53944.1667
53944.1667
53944.4444
53944.4444
53944.4444
53944.7222
53945.0000
53945.0000
53945.2778
53945.5556
53945.5556
53946.1111
53946.1111
53946.1111
53946.3889
53946.9444
53946.9444
53947.5000
53947.5000
53948.0556
53948.0556
53948.0556
53948.3333
53948.6111
53948.6111
53949.1667
53949.4444
53949.7222
53950.0000
53950.0000
53950.0000
53950.0000
53950.0000
53950.0000
53950.0000
53950.2778
53950.2778
53950.2778
53951.1111
53951.1111
53951.1111
53951.3889
53951.6667
53951.6667
53951.9444
53952.2222
53952.7778
53952.7778
53952.7778
53953.3333
53953.6111
53953.6111
53953.8889
53954.1667
53954.1667
53954.7222
53954.7222
53955.0000
53955.2778
53955.8333
53956.1111
53957.2222
53957.2222
53957.5000
53957.7778
53958.3333
53958.3333
53958.3333
53958.6111
53958.8889
53958.8889
53959.1667
53959.4444
53960.2778
53960.2778
53960.2778
53960.5556
53960.8333
53961.1111
53961.1111
53961.1111
53961.3889
53961.6667
53961.9444
53961.9444
53961.9444
53962.5000
53963.0556
53963.3333
53963.6111
53964.1667
53964.1667
53964.4444
53964.7222
53965.0000
53965.2778
53965.5556
53965.8333
53966.3889
53966.6667
53966.6667
53966.6667
53966.6667
53966.6667
53966.9444
53966.9444
53967.7778
53967.7778
53968.0556
53968.6111
53968.6111
53968.8889
53969.1667
53969.1667
53969.7222
53970.0000
53970.0000
53970.2778
53971.3889
53971.3889
53971.3889
53971.6667
53971.6667
53972.5000
53972.7778
53972.7778
53972.7778
53973.0556
53973.6111
53973.8889
53974.1667
53974.1667
53974.7222
53975.0000
53975.2778
53975.8333
53976.1111
53976.3889
53976.9444
53976.9444
53977.2222
53977.2222
53978.0556
53978.3333
53978.6111
53979.1667
53979.4444
53979.7222
53980.0000
53980.0000
53980.2778
53980.2778
53980.2778
53980.2778
53980.5556
53981.3889
53981.6667
53981.9444
53981.9444
53982.5000
53983.3333
53983.3333
53983.3333
53983.3333
53983.3333
53983.3333
53983.3333
53983.3333
53983.3333
53983.3333
53983.6111
53984.1667
53984.1667
53985.0000
53985.2778
53985.5556
53985.5556
53985.5556
53985.8333
53985.8333
53985.8333
53985.8333
53986.1111
53986.3889
53986.3889
53986.3889
53986.6667
53986.6667
53987.2222
53987.2222
53987.7778
53987.7778
53988.0556
53988.3333
53988.3333
53988.3333
53988.3333
53988.6111
53988.8889
53989.1667
53989.4444
53990.0000
53990.8333
53990.8333
53991.1111
53991.1111
53991.3889
53991.3889
53992.2222
53992.2222
53992.7778
53992.7778
53992.7778
53992.7778
53993.0556
53993.3333
53993.6111
53993.8889
53994.1667
53994.1667
53994.4444
53994.7222
53994.7222
53995.2778
53995.8333
53996.1111
53996.1111
53996.1111
53996.6667
53997.2222
53997.2222
53997.5000
53997.5000
53997.7778
53997.7778
53997.7778
53998.0556
53998.3333
53998.6111
53999.7222
53999.7222
54000.0000
54000.0000
54000.0000
54000.0000
54000.0000
54000.0000
54000.0000
54000.0000
54000.2778
54000.2778
54000.8333
54000.8333
54001.1111
54002.2222
54002.5000
54003.3333
54003.3333
54003.6111
54003.8889
54004.4444
54004.4444
54004.4444
54004.7222
54005.0000
54005.2778
54005.2778
54005.2778
54005.5556
54005.8333
54006.1111
54006.3889
54006.3889
54006.6667
54006.6667
54006.9444
54007.2222
54007.7778
54007.7778
54008.0556
54008.3333
54008.6111
54008.8889
54008.8889
54009.1667
54009.1667
54009.1667
54009.7222
54010.2778
54010.2778
54010.2778
54010.5556
54010.8333
54011.3889
54011.3889
54011.6667
54011.6667
54011.9444
54012.2222
54012.2222
54012.2222
54012.2222
54012.5000
54012.7778
54013.0556
54013.0556
54013.0556
54013.3333
54014.4444
54014.7222
54015.2778
54015.8333
54016.1111
54016.6667
54016.6667
54016.6667
54016.6667
54016.6667
54016.6667
54016.9444
54017.7778
54017.7778
54018.0556
54018.3333
54018.3333
54018.3333
54018.6111
54018.8889
54018.8889
54019.1667
54019.4444
54019.7222
54020.0000
54020.2778
54020.5556
54020.8333
54020.8333
54020.8333
54021.1111
54021.3889
54021.3889
54021.3889
54021.6667
54022.2222
54022.7778
54022.7778
54023.0556
54023.3333
54023.6111
54023.6111
54024.1667
54024.1667
54024.1667
54024.4444
54024.7222
54025.2778
54025.2778
54025.2778
54025.2778
54025.8333
54026.1111
54026.3889
54026.6667
54026.9444
54026.9444
54026.9444
54027.2222
54027.2222
54027.5000
54027.5000
54027.5000
54027.5000
54028.0556
54028.0556
54028.0556
54028.3333
54028.3333
54028.3333
54028.3333
54028.3333
54028.6111
54028.6111
54029.4444
54029.4444
54029.7222
54029.7222
54030.2778
54030.5556
54031.1111
54031.1111
54031.6667
54031.9444
54031.9444
54031.9444
54033.0556
54033.3333
54033.3333
54033.3333
54033.3333
54033.3333
54033.3333
54034.1667
54034.7222
54034.7222
54035.0000
54035.8333
54036.3889
54036.6667
54036.9444
54036.9444
54037.2222
54037.5000
54037.5000
54037.7778
54037.7778
54037.7778
54037.7778
54037.7778
54038.3333
54038.3333
54038.8889
54039.1667
54039.1667
54039.1667
54039.1667
54039.7222
54039.7222
54040.0000
54040.0000
54040.0000
54040.2778
54040.5556
54040.8333
54040.8333
54041.6667
54041.6667
54041.6667
54041.6667
54042.2222
54042.7778
54043.0556
54043.0556
54043.6111
54043.6111
54044.7222
54044.7222
54045.0000
54045.2778
54045.5556
54045.8333
54046.1111
54046.3889
54046.9444
54047.5000
54047.7778
54048.0556
54048.0556
54048.3333
54048.6111
54048.8889
54049.4444
54049.4444
54049.4444
54049.7222
54050.0000
54050.0000
54050.0000
54050.0000
54050.0000
54050.2778
54050.2778
54050.2778
54050.2778
54050.8333
54051.3889
54051.6667
54052.2222
54052.2222
54053.0556
54053.3333
54054.7222
54055.2778
54055.5556
54055.8333
54055.8333
54055.8333
54055.8333
54055.8333
54057.2222
54057.5000
54058.3333
54058.6111
54058.8889
54058.8889
54059.4444
54059.4444
54060.8333
54061.3889
54061.6667
54061.9444
54061.9444
54062.2222
54063.0556
54063.3333
54063.6111
54063.8889
54064.1667
54064.1667
54064.4444
54064.4444
54065.0000
54065.5556
54066.6667
54066.6667
54066.6667
54066.6667
54066.6667
54066.6667
54066.6667
54066.9444
54066.9444
54066.9444
54067.2222
54067.2222
54067.5000
54067.5000
54068.0556
54068.0556
54068.6111
54068.6111
54068.6111
54069.1667
54069.4444
54069.7222
54069.7222
54069.7222
54070.0000
54070.2778
54070.2778
54070.5556
54070.5556
54070.8333
54070.8333
54071.3889
54071.6667
54071.6667
54071.9444
54071.9444
54071.9444
54072.2222
54072.5000
54072.5000
54072.7778
54072.7778
54073.3333
54074.1667
54074.1667
54074.4444
54074.4444
54074.7222
54074.7222
54075.0000
54075.2778
54075.5556
54076.6667
54076.9444
54077.2222
54077.2222
54077.5000
54077.7778
54078.3333
54078.3333
54078.8889
54079.1667
54079.1667
54079.7222
54079.7222
54080.0000
54080.0000
54080.2778
54080.2778
54080.2778
54080.5556
54080.5556
54080.5556
54080.5556
54081.1111
54081.6667
54082.2222
54082.5000
54082.7778
54082.7778
54083.0556
54083.0556
54083.0556
54083.3333
54083.3333
54083.3333
54083.3333
54083.3333
54083.3333
54083.6111
54083.8889
54083.8889
54084.1667
54084.1667
54085.0000
54085.0000
54086.9444
54086.9444
54087.2222
54087.5000
54087.5000
54087.7778
54088.0556
54088.6111
54088.6111
54089.1667
54089.1667
54089.1667
54089.4444
54089.4444
54089.7222
54089.7222
54090.2778
54090.8333
54090.8333
54090.8333
54091.1111
54091.1111
54091.1111
54091.3889
54091.3889
54091.3889
54091.6667
54091.6667
54091.9444
54092.5000
54092.5000
54092.7778
54092.7778
54093.0556
54093.3333
54093.8889
54094.1667
54094.1667
54095.0000
54095.5556
54095.5556
54095.8333
54096.1111
54096.6667
54097.5000
54097.7778
54098.0556
54098.6111
54098.6111
54098.8889
54099.4444
54099.4444
54100.0000
54100.0000
54100.0000
54100.0000
54100.0000
54100.0000
54100.0000
54100.2778
54100.5556
54101.1111
54101.1111
54101.3889
54101.6667
54101.9444
54101.9444
54101.9444
54102.7778
54102.7778
54103.3333
54103.6111
54103.8889
54104.1667
54104.7222
54104.7222
54105.0000
54105.0000
54105.2778
54105.2778
54105.5556
54105.5556
54105.8333
54105.8333
54105.8333
54106.1111
54106.3889
54106.3889
54107.2222
54107.5000
54107.5000
54107.7778
54108.3333
54108.3333
54108.3333
54108.3333
54108.6111
54108.8889
54109.1667
54109.1667
54109.1667
54109.4444
54109.7222
54110.0000
54110.5556
54110.5556
54110.8333
54111.3889
54111.3889
54111.3889
54112.5000
54112.7778
54113.0556
54114.1667
54114.1667
54114.4444
54114.4444
54114.7222
54114.7222
54115.8333
54116.3889
54116.3889
54116.6667
54116.6667
54116.6667
54116.6667
54116.6667
54116.6667
54116.6667
54116.6667
54116.6667
54116.6667
54116.6667
54117.5000
54117.7778
54118.6111
54118.8889
54119.1667
54119.1667
54119.4444
54120.0000
54120.0000
54120.0000
54120.8333
54120.8333
54120.8333
54120.8333
54121.1111
54121.1111
54121.3889
54121.3889
54121.3889
54121.6667
54121.6667
54121.9444
54121.9444
54122.2222
54122.2222
54122.7778
54123.0556
54123.3333
54123.8889
54124.1667
54124.7222
54124.7222
54125.0000
54125.5556
54125.5556
54125.8333
54125.8333
54126.1111
54126.3889
54126.6667
54126.9444
54127.2222
54127.7778
54129.1667
54129.7222
54130.0000
54130.0000
54130.5556
54130.5556
54131.3889
54131.6667
54131.6667
54132.2222
54132.5000
54132.7778
54132.7778
54133.3333
54133.3333
54133.8889
54133.8889
54134.4444
54135.0000
54135.2778
54135.8333
54135.8333
54136.1111
54136.3889
54136.6667
54137.2222
54137.2222
54137.7778
54137.7778
54138.0556
54139.1667
54139.1667
54139.7222
54140.0000
54141.6667
54141.9444
54143.0556
54143.0556
54143.3333
54144.7222
54145.0000
54145.2778
54145.5556
54145.8333
54146.1111
54146.3889
54146.9444
54147.2222
54147.5000
54148.0556
54148.6111
54148.6111
54148.6111
54149.4444
54149.7222
54150.0000
54150.0000
54150.0000
54150.2778
54151.1111
54151.1111
54151.9444
54154.4444
54154.4444
54154.7222
54155.0000
54155.5556
54156.3889
54156.3889
54156.6667
54156.6667
54156.9444
54157.2222
54157.7778
54157.7778
54158.0556
54158.3333
54158.6111
54158.6111
54159.1667
54159.1667
54160.0000
54160.8333
54161.1111
54161.1111
54161.9444
54162.5000
54162.7778
54163.3333
54163.3333
54163.6111
54163.8889
54163.8889
54164.1667
54165.5556
54165.8333
54166.3889
54166.6667
54166.6667
54166.6667
54166.6667
54166.9444
54167.5000
54167.5000
54167.7778
54167.7778
54168.3333
54168.6111
54168.8889
54169.7222
54170.0000
54170.2778
54170.2778
54171.3889
54171.6667
54171.6667
54172.5000
54172.5000
54172.5000
54173.3333
54173.8889
54174.1667
54174.4444
54174.7222
54175.2778
54175.5556
54176.3889
54177.2222
54177.2222
54178.0556
54178.8889
54178.8889
54178.8889
54179.4444
54179.7222
54180.0000
54180.5556
54180.5556
54180.5556
54180.8333
54180.8333
54181.1111
54181.3889
54181.6667
54181.9444
54182.2222
54182.5000
54183.0556
54183.0556
54183.3333
54183.3333
54183.3333
54183.8889
54184.1667
54184.7222
54185.0000
54185.0000
54185.2778
54185.2778
54185.5556
54185.5556
54186.1111
54186.1111
54188.3333
54188.6111
54188.8889
54189.1667
54189.4444
54190.0000
54190.5556
54190.8333
54191.1111
54191.3889
54191.3889
54191.6667
54191.9444
54192.2222
54192.2222
54192.2222
54192.5000
54192.5000
54192.5000
54193.0556
54193.0556
54193.6111
54193.6111
54193.6111
54194.7222
54194.7222
54195.2778
54196.1111
54196.3889
54196.6667
54196.9444
54198.0556
54198.3333
54198.6111
54198.8889
54199.7222
54200.0000
54200.0000
54200.0000
54200.0000
54200.0000
54200.0000
54201.9444
54201.9444
54202.2222
54202.2222
54202.5000
54202.5000
54203.0556
54203.0556
54203.0556
54203.0556
54203.6111
54203.6111
54203.8889
54204.7222
54205.2778
54205.5556
54205.5556
54205.5556
54205.8333
54206.3889
54206.6667
54206.6667
54206.6667
54206.9444
54207.5000
54207.7778
54208.0556
54208.0556
54209.7222
54209.7222
54211.1111
54211.6667
54211.6667
54211.6667
54212.2222
54212.5000
54212.5000
54213.3333
54213.3333
54213.6111
54214.7222
54214.7222
54215.0000
54215.5556
54215.8333
54216.6667
54216.6667
54218.8889
54219.1667
54219.4444
54220.5556
54220.8333
54221.3889
54221.6667
54221.9444
54221.9444
54222.7778
54223.3333
54223.6111
54223.8889
54223.8889
54224.1667
54224.4444
54224.4444
54224.7222
54225.0000
54227.2222
54228.0556
54228.6111
54230.0000
54230.2778
54230.5556
54230.8333
54230.8333
54230.8333
54231.1111
54231.9444
54232.2222
54233.0556
54233.0556
54233.3333
54233.3333
54233.3333
54233.3333
54233.6111
54235.0000
54235.2778
54235.2778
54235.8333
54235.8333
54235.8333
54236.3889
54237.7778
54238.0556
54238.8889
54239.1667
54239.1667
54239.4444
54239.4444
54240.0000
54240.0000
54240.2778
54240.2778
54241.6667
54242.2222
54242.5000
54243.3333
54243.8889
54244.1667
54244.4444
54244.7222
54245.0000
54245.0000
54245.5556
54245.8333
54246.1111
54248.6111
54249.1667
54249.4444
54250.0000
54250.0000
54250.0000
54250.0000
54250.0000
54250.2778
54250.5556
54250.8333
54251.1111
54251.3889
54251.3889
54251.6667
54252.7778
54253.0556
54253.3333
54253.3333
54253.3333
54253.6111
54253.6111
54254.4444
54255.2778
54256.3889
54257.5000
54257.7778
54258.6111
54259.1667
54259.4444
54259.7222
54259.7222
54260.2778
54260.5556
54261.3889
54261.6667
54261.9444
54261.9444
54262.2222
54262.5000
54262.5000
54263.3333
54263.3333
54263.3333
54264.1667
54264.7222
54264.7222
54265.0000
54265.8333
54266.3889
54266.3889
54266.3889
54266.6667
54266.6667
54266.6667
54266.6667
54266.9444
54266.9444
54268.0556
54268.6111
54268.8889
54269.1667
54269.7222
54270.0000
54270.2778
54270.5556
54271.1111
54271.3889
54271.6667
54271.9444
54273.0556
54273.0556
54273.3333
54273.6111
54275.5556
54275.8333
54275.8333
54276.3889
54277.2222
54277.2222
54277.2222
54277.5000
54277.7778
54280.0000
54280.2778
54281.3889
54281.6667
54282.5000
54283.0556
54283.3333
54283.3333
54283.3333
54284.4444
54284.7222
54284.7222
54285.0000
54286.1111
54286.1111
54286.3889
54286.6667
54286.6667
54286.9444
54287.7778
54288.6111
54288.6111
54289.1667
54289.1667
54289.4444
54289.7222
54289.7222
54290.0000
54291.6667
54291.6667
54292.7778
54292.7778
54292.7778
54293.8889
54294.1667
54294.4444
54295.0000
54295.5556
54296.1111
54296.3889
54296.3889
54297.7778
54298.0556
54299.4444
54300.0000
54300.0000
54300.0000
54300.2778
54303.0556
54303.6111
54303.8889
54303.8889
54304.1667
54304.1667
54304.4444
54305.5556
54306.1111
54306.3889
54307.7778
54308.3333
54308.3333
54309.1667
54310.0000
54310.8333
54311.1111
54311.1111
54312.2222
54312.5000
54312.5000
54313.3333
54313.6111
54313.8889
54314.7222
54314.7222
54315.8333
54317.2222
54318.0556
54318.3333
54318.6111
54320.5556
54322.5000
54322.5000
54325.5556
54325.8333
54326.6667
54326.9444
54327.7778
54328.8889
54330.5556
54330.8333
54332.2222
54333.3333
54333.3333
54333.3333
54335.5556
54337.5000
54337.7778
54338.6111
54339.1667
54339.4444
54340.5556
54340.5556
54348.3333
54349.1667
54349.4444
54349.7222
54355.5556
54355.5556
54356.9444
54357.2222
54358.3333
54359.1667
54363.0556
54363.0556
54363.3333
54366.3889
54366.6667
54367.2222
54369.4444
54369.7222
54373.8889
54374.4444
54375.5556
54376.6667
54377.2222
54379.1667
54383.3333
54384.1667
54384.7222
54385.8333
54386.1111
54386.3889
54387.2222
54388.0556
54388.6111
54390.5556
54391.6667
54391.9444
54398.0556
54399.4444
54400.0000
54400.0000
54400.5556
54401.6667
54403.3333
54406.1111
54408.8889
54411.1111
54413.8889
54415.5556
54416.6667
54416.6667
54418.0556
54424.7222
54426.9444
54428.6111
54433.3333
54433.8889
54434.4444
54438.3333
54440.0000
54441.6667
54450.0000
54456.6667
54457.5000
54458.0556
54459.4444
54463.8889
54465.2778
54466.3889
54466.6667
54468.3333
54473.3333
54474.4444
54483.0556
54483.3333
54483.3333
54486.1111
54500.0000
54511.9444
54514.7222
54521.1111
54523.0556
54525.2778
54526.1111
54530.5556
54533.3333
54536.9444
54537.7778
54540.0000
54543.3333
54544.4444
54550.0000
54553.3333
54555.2778
54556.1111
54557.2222
54566.3889
54568.8889
54569.1667
54569.7222
54570.8333
54571.3889
54574.1667
54575.8333
54576.1111
54576.9444
54583.3333
54583.8889
54585.2778
54585.5556
54589.1667
54592.7778
54594.1667
54594.1667
54595.8333
54604.1667
54605.0000
54609.1667
54610.2778
54611.3889
54613.0556
54613.6111
54614.7222
54615.8333
54616.6667
54621.9444
54623.3333
54624.1667
54624.1667
54624.4444
54624.4444
54625.2778
54626.1111
54628.3333
54629.4444
54630.8333
54631.9444
54633.3333
54633.3333
54633.6111
54633.8889
54634.1667
54634.7222
54634.7222
54634.7222
54636.3889
54640.0000
54640.2778
54640.2778
54640.8333
54641.3889
54641.3889
54641.6667
54642.7778
54643.8889
54644.4444
54645.2778
54645.8333
54646.3889
54647.5000
54647.7778
54649.7222
54650.0000
54650.2778
54651.9444
54652.7778
54653.0556
54653.8889
54656.3889
54656.3889
54656.6667
54656.6667
54657.5000
54659.4444
54661.9444
54663.0556
54664.7222
54665.0000
54666.6667
54668.6111
54669.4444
54669.7222
54671.1111
54671.6667
54672.5000
54672.5000
54672.5000
54673.6111
54675.5556
54677.5000
54678.0556
54680.2778
54681.3889
54681.9444
54682.2222
54683.3333
54685.2778
54686.9444
54688.0556
54688.0556
54688.6111
54690.2778
54690.2778
54690.5556
54691.1111
54691.9444
54692.7778
54693.8889
54695.0000
54697.2222
54699.4444
54700.0000
54700.0000
54700.0000
54701.9444
54703.3333
54705.2778
54705.8333
54706.3889
54707.5000
54708.0556
54711.1111
54711.6667
54717.7778
54719.4444
54719.7222
54720.0000
54720.0000
54720.2778
54724.1667
54724.7222
54724.7222
54726.1111
54728.3333
54729.4444
54729.4444
54729.7222
54732.2222
54733.3333
54733.6111
54733.8889
54737.2222
54737.2222
54738.6111
54740.0000
54740.8333
54743.8889
54745.5556
54746.6667
54747.2222
54747.7778
54751.9444
54753.0556
54753.3333
54753.6111
54756.1111
54757.5000
54758.8889
54760.2778
54760.5556
54760.5556
54762.5000
54764.4444
54765.0000
54766.6667
54766.6667
54766.6667
54766.6667
54768.0556
54768.8889
54770.8333
54770.8333
54772.7778
54774.4444
54775.0000
54775.8333
54776.3889
54779.1667
54779.7222
54780.5556
54780.8333
54781.1111
54783.3333
54785.5556
54785.8333
54786.1111
54786.6667
54789.7222
54790.8333
54791.9444
54792.5000
54792.7778
54792.7778
54793.0556
54794.1667
54794.4444
54794.7222
54795.2778
54795.5556
54796.6667
54796.6667
54796.6667
54797.5000
54799.4444
54800.0000
54800.0000
54800.0000
54800.0000
54800.0000
54800.0000
54801.3889
54802.7778
54804.1667
54805.0000
54805.2778
54806.3889
54808.3333
54809.7222
54811.9444
54812.5000
54814.7222
54814.7222
54815.2778
54815.8333
54815.8333
54816.1111
54817.2222
54817.7778
54818.3333
54818.6111
54818.6111
54819.1667
54822.5000
54823.0556
54823.3333
54824.1667
54826.3889
54827.5000
54828.3333
54831.9444
54831.9444
54831.9444
54833.3333
54833.3333
54833.3333
54834.7222
54836.3889
54836.6667
54837.2222
54839.1667
54839.4444
54842.5000
54842.5000
54843.8889
54844.1667
54848.0556
54848.0556
54849.1667
54849.7222
54850.0000
54850.2778
54851.3889
54854.1667
54854.4444
54856.6667
54857.2222
54858.0556
54860.8333
54860.8333
54864.7222
54865.5556
54865.5556
54865.5556
54866.6667
54866.6667
54866.6667
54866.9444
54867.5000
54868.8889
54869.1667
54870.5556
54870.8333
54872.7778
54873.3333
54874.7222
54878.3333
54882.2222
54882.7778
54883.3333
54883.3333
54886.9444
54888.0556
54888.6111
54888.8889
54890.5556
54895.8333
54900.0000
54905.5556
54906.3889
54907.2222
54907.7778
54910.2778
54910.5556
54910.8333
54911.9444
54913.0556
54913.3333
54914.4444
54914.7222
54915.5556
54919.7222
54920.2778
54920.5556
54921.3889
54921.3889
54922.5000
54925.0000
54926.6667
54929.1667
54929.4444
54931.3889
54931.3889
54933.3333
54933.3333
54933.3333
54933.8889
54935.8333
54936.9444
54936.9444
54937.2222
54937.7778
54938.0556
54938.0556
54938.0556
54941.1111
54941.9444
54941.9444
54943.0556
54945.5556
54945.8333
54946.1111
54946.1111
54948.3333
54948.8889
54948.8889
54950.0000
54950.0000
54950.0000
54950.0000
54951.1111
54951.1111
54951.6667
54953.0556
54955.0000
54955.2778
54956.3889
54958.8889
54958.8889
54960.2778
54963.6111
54965.8333
54966.6667
54968.0556
54968.8889
54969.4444
54969.4444
54969.4444
54969.7222
54970.5556
54971.3889
54974.1667
54975.0000
54975.5556
54976.3889
54976.6667
54977.7778
54978.6111
54978.8889
54979.1667
54979.4444
54980.2778
54981.3889
54983.3333
54983.8889
54984.4444
54984.4444
54985.5556
54990.0000
54990.2778
54990.5556
54990.5556
54991.1111
54991.9444
54992.2222
54994.4444
54995.8333
54996.3889
54996.3889
54996.6667
54997.2222
54999.1667
55000.0000
55000.0000
55003.6111
55010.8333
55015.5556
55016.1111
55016.6667
55016.6667
55018.0556
55019.1667
55021.3889
55021.6667
55021.9444
55022.5000
55023.3333
55025.0000
55028.6111
55029.1667
55030.2778
55030.5556
55030.8333
55031.6667
55033.3333
55033.3333
55034.1667
55035.2778
55037.7778
55039.4444
55039.7222
55040.8333
55042.7778
55043.0556
55044.1667
55045.5556
55048.6111
55049.1667
55049.1667
55050.0000
55050.2778
55050.8333
55050.8333
55051.9444
55054.4444
55054.4444
55054.7222
55054.7222
55055.0000
55058.0556
55058.8889
55059.1667
55059.4444
55059.7222
55060.2778
55060.5556
55064.4444
55064.7222
55066.6667
55070.2778
55070.8333
55070.8333
55073.0556
55073.0556
55074.1667
55074.1667
55076.1111
55076.1111
55076.9444
55078.0556
55079.7222
55083.3333
55083.3333
55083.8889
55085.5556
55086.9444
55088.0556
55088.6111
55091.9444
55091.9444
55093.3333
55093.8889
55096.3889
55098.8889
55100.0000
55100.0000
55101.3889
55105.2778
55106.3889
55107.2222
55110.0000
55113.6111
55114.1667
55115.5556
55116.1111
55116.6667
55116.6667
55116.6667
55116.6667
55116.6667
55116.6667
55117.2222
55117.5000
55121.3889
55121.9444
55123.3333
55123.3333
55125.5556
55126.1111
55128.3333
55129.1667
55130.8333
55131.9444
55132.5000
55133.3333
55133.3333
55133.3333
55133.3333
55133.3333
55133.3333
55133.3333
55134.7222
55135.8333
55138.6111
55138.8889
55138.8889
55140.0000
55140.8333
55141.3889
55141.9444
55142.2222
55142.2222
55143.0556
55143.8889
55143.8889
55144.7222
55145.5556
55145.5556
55145.8333
55146.3889
55148.3333
55149.4444
55150.0000
55150.0000
55150.0000
55150.5556
55152.7778
55154.1667
55154.7222
55155.2778
55156.1111
55156.9444
55159.7222
55160.0000
55160.2778
55160.5556
55161.6667
55163.6111
55164.4444
55164.7222
55166.6667
55166.6667
55166.6667
55171.9444
55172.2222
55172.7778
55173.0556
55174.1667
55174.4444
55174.7222
55176.1111
55178.0556
55179.7222
55179.7222
55182.2222
55183.3333
55183.3333
55183.3333
55183.3333
55183.3333
55183.3333
55184.4444
55184.7222
55186.1111
55186.9444
55188.3333
55194.1667
55194.7222
55195.5556
55196.3889
55196.9444
55196.9444
55198.0556
55198.8889
55199.1667
55200.0000
55200.0000
55200.0000
55200.0000
55200.0000
55200.8333
55202.7778
55203.0556
55205.5556
55205.8333
55207.2222
55208.6111
55210.2778
55211.3889
55211.3889
55214.4444
55214.7222
55216.6667
55223.3333
55223.6111
55223.8889
55223.8889
55225.8333
55232.5000
55232.7778
55233.0556
55233.3333
55233.3333
55233.3333
55233.8889
55234.1667
55238.0556
55240.0000
55240.5556
55241.6667
55241.9444
55245.0000
55246.3889
55248.6111
55248.6111
55249.1667
55249.7222
55250.0000
55250.0000
55250.0000
55250.0000
55250.0000
55250.5556
55250.5556
55250.8333
55256.3889
55258.0556
55258.3333
55259.4444
55260.0000
55261.6667
55262.7778
55263.8889
55265.0000
55265.2778
55266.6667
55266.6667
55267.5000
55267.5000
55268.6111
55269.1667
55270.0000
55274.1667
55276.9444
55278.0556
55278.3333
55278.3333
55279.1667
55280.8333
55283.0556
55283.3333
55283.3333
55285.2778
55285.2778
55288.8889
55292.7778
55293.0556
55300.0000
55300.0000
55301.1111
55301.3889
55306.6667
55310.0000
55311.6667
55314.7222
55316.1111
55316.6667
55316.6667
55316.6667
55329.1667
55332.7778
55333.6111
55336.3889
55345.0000
55347.2222
55349.4444
55350.0000
55357.5000
55369.1667
55376.9444